# krogan_core
1396 1891 1
1396 1739 1
1396 246 1
1396 386 1
1396 2543 1
53 2650 1
53 372 1
53 2501 1
53 1034 1
53 2199 1
53 246 1
53 2133 1
53 2361 1
53 959 1
53 1721 1
53 1481 1
53 49 1
53 1784 1
53 281 1
53 427 1
53 759 1
53 1659 1
64 372 1
64 440 1
64 1791 1
64 2451 1
64 185 1
64 1709 1
64 2671 1
64 23 1
2092 161 1
2092 843 1
2092 942 1
2092 491 1
2092 2124 1
2092 664 1
2092 2465 1
2092 888 1
2092 1603 1
118 1784 1
179 2351 1
179 2445 1
2018 1010 1
2018 1977 1
2018 1232 1
2322 1025 1
2351 588 1
2462 2144 1
2462 2532 1
2462 895 1
2462 246 1
2462 896 1
2462 1887 1
2462 2536 1
2462 1737 1
2462 1013 1
2462 952 1
2462 1569 1
2462 1115 1
2462 1818 1
2462 199 1
2462 1425 1
2462 2318 1
2462 407 1
1767 444 1
1767 1312 1
1767 1745 1
1371 530 1
1440 2398 1
1440 2010 1
1747 1230 1
1747 1347 1
1747 845 1
1747 1917 1
1747 322 1
1747 1292 1
1747 43 1
1747 715 1
1747 993 1
1747 829 1
1747 1939 1
1747 2644 1
854 1435 1
854 473 1
854 765 1
854 855 1
854 2632 1
854 585 1
854 2558 1
854 2318 1
854 1031 1
333 1827 1
2575 2109 1
339 1549 1
339 2391 1
339 730 1
2620 2687 1
2620 208 1
2620 1279 1
2620 2534 1
2062 1345 1
2062 1564 1
2062 94 1
2062 2199 1
2062 267 1
2062 393 1
2062 1829 1
2062 78 1
2062 952 1
2062 1025 1
527 35 1
451 1888 1
451 2517 1
451 1984 1
451 666 1
451 1247 1
344 287 1
344 2313 1
344 36 1
344 2182 1
344 227 1
1345 372 1
1345 2501 1
1345 1444 1
1345 1008 1
1345 2341 1
1345 588 1
1345 1093 1
1345 457 1
1345 1565 1
372 900 1
372 2501 1
372 616 1
372 2532 1
372 2199 1
372 1444 1
372 1008 1
372 27 1
372 2445 1
372 260 1
372 1014 1
372 1481 1
372 2341 1
372 588 1
372 472 1
372 1137 1
372 1093 1
372 293 1
372 63 1
372 1000 1
762 2153 1
1129 1886 1
1129 2346 1
1129 793 1
1129 2614 1
2049 2532 1
1746 1941 1
1778 895 1
1778 246 1
1778 2624 1
1778 1784 1
2065 1814 1
2065 2358 1
610 294 1
610 1247 1
245 1930 1
249 1784 1
2254 2372 1
2254 270 1
2656 1616 1
2656 582 1
2656 401 1
2656 1017 1
2275 2423 1
1838 2090 1
1838 33 1
1838 352 1
1838 1430 1
1838 513 1
1838 748 1
1838 431 1
1838 2669 1
1838 880 1
1838 693 1
428 531 1
900 2578 1
900 1732 1
900 1359 1
900 293 1
1296 1635 1
1368 372 1
1368 616 1
1368 1211 1
1570 323 1
2544 1091 1
2544 896 1
2544 1134 1
2679 2179 1
2679 275 1
2679 1057 1
1895 250 1
1895 2144 1
1895 2705 1
1895 896 1
1895 540 1
1895 1639 1
1895 816 1
1895 1575 1
1895 952 1
2336 2586 1
2336 1476 1
2336 2391 1
2336 2280 1
1416 1887 1
1416 952 1
1180 86 1
1752 960 1
2660 1172 1
2660 464 1
2660 154 1
2660 1388 1
2660 246 1
2660 604 1
2660 992 1
2660 982 1
2660 552 1
2660 2377 1
2660 225 1
2660 1784 1
2660 60 1
2660 968 1
2660 390 1
2660 2443 1
2660 2212 1
1689 896 1
1689 392 1
1689 352 1
1689 2463 1
1689 1621 1
813 616 1
813 1085 1
827 144 1
827 1092 1
827 2346 1
827 1887 1
2501 616 1
2501 2059 1
2501 2199 1
2501 2301 1
2501 1444 1
2501 2624 1
2501 1338 1
2501 2491 1
2501 588 1
2501 1093 1
2501 1627 1
2501 1565 1
2501 2599 1
2501 2224 1
616 1345 1
616 1593 1
616 2199 1
616 2301 1
616 1444 1
616 920 1
616 2624 1
616 1338 1
616 2341 1
616 2491 1
616 588 1
616 1137 1
616 1627 1
616 1614 1
616 2513 1
616 1083 1
616 2224 1
616 2393 1
1998 1842 1
1998 2450 1
1136 1887 1
1136 2159 1
1925 372 1
1062 1180 1
1062 246 1
1517 1054 1
1098 1451 1
1508 1822 1
1508 1730 1
1508 896 1
1508 267 1
1508 1887 1
1508 260 1
1508 2390 1
926 1345 1
926 372 1
926 2501 1
926 2199 1
926 673 1
926 2392 1
926 2576 1
926 1818 1
926 2224 1
926 2408 1
2527 645 1
1898 1376 1
1886 1092 1
1886 1855 1
1886 645 1
1886 2231 1
1886 1052 1
1260 2092 1
1260 391 1
1260 1221 1
1260 1887 1
1260 2286 1
1260 1153 1
1260 258 1
1260 793 1
1260 373 1
1260 1910 1
1260 1043 1
1260 2533 1
1260 1973 1
1260 2067 1
1260 1566 1
1608 1540 1
1608 82 1
1608 2160 1
1608 2001 1
665 1246 1
665 2016 1
665 2046 1
665 1818 1
1923 1162 1
1465 616 1
1465 1458 1
1465 1848 1
1465 2346 1
1465 2631 1
1465 2666 1
1465 1784 1
1465 445 1
1465 275 1
1465 1929 1
1465 2599 1
1755 2561 1
2588 1889 1
2588 1673 1
2588 2257 1
2588 822 1
2588 1523 1
2588 1385 1
2588 2025 1
2588 1204 1
151 2047 1
2240 2000 1
2240 2647 1
2240 181 1
2240 738 1
2505 866 1
2505 21 1
2505 795 1
2505 1864 1
2505 1690 1
2505 2118 1
2505 2686 1
2505 1193 1
1790 2144 1
1790 896 1
1790 1617 1
1790 199 1
144 569 1
144 2070 1
144 348 1
1917 1054 1
1917 2009 1
1917 2586 1
1917 1920 1
1917 72 1
1917 319 1
1917 941 1
1917 1648 1
1891 1739 1
1891 386 1
1891 2543 1
1891 1120 1
1900 2703 1
1092 1397 1
1092 1108 1
1092 2496 1
1092 2094 1
1092 2315 1
1092 2605 1
1092 2689 1
875 367 1
875 144 1
875 1887 1
875 2648 1
928 1605 1
1251 1317 1
1251 150 1
1251 1600 1
1251 858 1
1251 890 1
1251 2465 1
1101 1848 1
1101 794 1
1101 1134 1
998 251 1
998 225 1
1720 2509 1
963 330 1
2636 113 1
2636 1564 1
2636 38 1
2636 1502 1
2636 2486 1
2636 2655 1
2636 2430 1
2636 159 1
2636 2125 1
2636 997 1
2636 1980 1
2636 1030 1
2636 1635 1
2636 2481 1
2636 17 1
2636 751 1
2636 1743 1
2636 2060 1
2636 2017 1
2636 2704 1
2636 805 1
2636 1148 1
2636 1723 1
2636 807 1
2636 2520 1
1662 1488 1
1662 2341 1
1662 1910 1
1662 2465 1
1094 180 1
1094 2135 1
1094 2199 1
1094 246 1
1094 2133 1
1094 1737 1
1094 1912 1
1094 1553 1
1094 1600 1
1094 470 1
1094 952 1
1094 1659 1
1094 4 1
1094 1881 1
420 1312 1
420 1745 1
420 2614 1
421 2346 1
421 2465 1
2554 511 1
2554 641 1
2554 33 1
2554 1178 1
2554 352 1
2554 1430 1
2554 753 1
2554 2454 1
2554 74 1
2554 748 1
2554 431 1
2554 2669 1
2554 2106 1
2554 880 1
2687 2421 1
2687 208 1
2687 700 1
2687 2266 1
2687 1119 1
2687 2297 1
2687 1112 1
2687 1279 1
2687 1784 1
2687 1910 1
2687 2534 1
1956 246 1
1956 765 1
1956 2371 1
1956 1818 1
1956 2503 1
1956 2235 1
1172 2634 1
1172 464 1
1172 1388 1
1172 604 1
1172 277 1
1172 767 1
1172 2377 1
1172 1784 1
1172 656 1
1172 211 1
1172 60 1
1172 968 1
1172 390 1
1172 52 1
1172 2443 1
1172 2212 1
2455 1777 1
1056 1807 1
1056 1325 1
1773 1171 1
1540 876 1
1540 315 1
1540 990 1
1540 810 1
1540 1152 1
1540 1849 1
1540 2273 1
1540 1884 1
1540 2001 1
1540 1534 1
1540 1809 1
866 1864 1
866 2118 1
866 2686 1
104 1317 1
104 128 1
104 1134 1
104 62 1
104 423 1
104 5 1
2153 246 1
2153 1348 1
124 144 1
124 1276 1
124 1887 1
124 742 1
913 1356 1
913 857 1
499 2492 1
1641 440 1
1641 1791 1
1641 2451 1
1641 256 1
1641 185 1
1641 2498 1
1641 1017 1
1641 554 1
1641 23 1
2112 1885 1
2112 830 1
2112 1553 1
2112 2386 1
2112 999 1
2112 952 1
2112 4 1
1593 687 1
1593 1261 1
1593 2596 1
1593 1783 1
1593 703 1
1975 372 1
1975 1310 1
1975 2199 1
1975 2540 1
1975 193 1
1975 1659 1
1756 80 1
639 1265 1
639 1902 1
639 2172 1
639 1799 1
639 2367 1
639 1877 1
639 1049 1
639 685 1
639 652 1
639 221 1
639 1932 1
639 2566 1
639 2560 1
639 2514 1
639 803 1
639 688 1
639 608 1
464 1388 1
464 604 1
464 992 1
464 982 1
464 288 1
464 2377 1
464 390 1
464 2443 1
464 2212 1
1787 683 1
143 629 1
1165 2341 1
1466 2232 1
1466 780 1
1933 1248 1
1933 2236 1
1933 246 1
1933 1652 1
1933 939 1
1933 1414 1
2234 2262 1
2234 1444 1
2234 387 1
2234 2445 1
2234 1239 1
2234 2364 1
2234 588 1
2234 1139 1
2234 1259 1
2234 426 1
1116 1014 1
1824 471 1
446 1901 1
446 1908 1
446 2001 1
446 1809 1
768 203 1
768 246 1
768 171 1
768 2250 1
768 271 1
1672 1662 1
1672 1848 1
1672 1317 1
1672 896 1
1672 2631 1
1672 630 1
1672 1247 1
1672 1134 1
1672 2239 1
1672 2341 1
1672 2214 1
1672 1359 1
1672 1910 1
1672 2465 1
1458 1684 1
1458 350 1
1458 755 1
2449 295 1
1803 2341 1
739 915 1
739 1247 1
739 1301 1
739 1526 1
987 906 1
1248 1718 1
1248 2320 1
1228 2144 1
1228 12 1
1228 1524 1
1228 520 1
1228 1834 1
1228 470 1
2331 2121 1
1691 144 1
1691 2144 1
1691 2093 1
1691 94 1
1691 896 1
1691 1221 1
1691 1887 1
1691 1617 1
1691 1394 1
1691 892 1
1691 585 1
1691 2088 1
1691 952 1
1691 2186 1
1691 1115 1
1691 1645 1
1691 199 1
1691 407 1
2144 246 1
2144 896 1
2144 1617 1
2144 952 1
2144 1255 1
1179 1420 1
1179 1374 1
441 118 1
441 1888 1
441 2049 1
441 2047 1
441 1541 1
441 1381 1
441 908 1
441 979 1
441 1444 1
441 2039 1
441 587 1
441 663 1
441 242 1
441 2031 1
441 2559 1
441 891 1
441 2283 1
441 526 1
441 214 1
441 1867 1
441 101 1
441 1679 1
482 1296 1
2000 181 1
2000 738 1
2114 180 1
2114 1345 1
2114 1310 1
2114 2501 1
2114 2144 1
2114 2093 1
2114 1335 1
2114 2199 1
2114 246 1
2114 896 1
2114 977 1
2114 952 1
2114 2318 1
1738 1925 1
1541 979 1
1541 2039 1
1541 663 1
1541 242 1
1541 2559 1
1541 891 1
1541 526 1
1541 214 1
1541 1679 1
2267 2043 1
2267 1806 1
2267 721 1
2267 2192 1
662 440 1
662 2674 1
662 1043 1
662 2558 1
662 23 1
921 374 1
2639 600 1
2639 1121 1
2639 2066 1
2639 447 1
2639 2617 1
2639 1973 1
2639 357 1
2528 1508 1
2528 8 1
2528 1766 1
112 641 1
285 167 1
285 54 1
285 2287 1
285 1910 1
285 1846 1
147 2491 1
147 2121 1
595 1388 1
595 231 1
595 982 1
595 937 1
649 1091 1
649 1581 1
146 896 1
146 1615 1
146 1580 1
146 2484 1
1435 372 1
1435 616 1
1435 2392 1
1435 2576 1
584 275 1
2103 372 1
2103 440 1
2103 2411 1
2103 0 1
2103 1797 1
2103 185 1
2103 69 1
2103 1453 1
2103 23 1
564 48 1
564 2506 1
1320 1381 1
1320 1861 1
1320 1401 1
1320 1950 1
1320 831 1
1320 596 1
1320 1212 1
1320 1432 1
1320 2670 1
1320 2597 1
1320 2638 1
1320 2592 1
1320 1300 1
1320 1651 1
1320 1646 1
1305 1062 1
1305 1624 1
895 585 1
895 2637 1
895 2558 1
895 2141 1
1544 952 1
2699 2351 1
2699 527 1
2699 372 1
2699 1260 1
2699 246 1
2699 394 1
2699 1297 1
1726 896 1
1726 1247 1
1726 2263 1
253 1320 1
253 2597 1
1983 1842 1
1983 895 1
1983 1726 1
1983 246 1
1983 711 1
1983 892 1
1983 585 1
1983 2186 1
1983 1154 1
532 408 1
532 1398 1
532 17 1
532 1428 1
532 2017 1
638 2373 1
638 67 1
638 2028 1
638 2199 1
638 246 1
638 435 1
638 1054 1
638 56 1
638 2586 1
638 1065 1
638 142 1
638 319 1
638 1784 1
638 941 1
638 1449 1
638 2635 1
638 1614 1
638 187 1
953 2547 1
953 2248 1
2093 225 1
1707 2150 1
336 1481 1
336 2341 1
336 922 1
2295 120 1
2593 1842 1
2593 1435 1
2593 895 1
2593 246 1
2593 2568 1
2593 1287 1
2593 2536 1
2593 1784 1
2593 1839 1
2593 821 1
2593 2183 1
2593 2318 1
2279 372 1
2279 246 1
2279 1017 1
734 1396 1
734 2600 1
1971 2588 1
1971 1385 1
361 1396 1
361 128 1
361 225 1
361 1461 1
361 275 1
361 17 1
361 1441 1
1958 1917 1
1958 44 1
1958 2009 1
1958 2586 1
1958 1920 1
1958 72 1
1958 319 1
1522 2307 1
1522 246 1
1522 784 1
1522 275 1
1522 1155 1
1522 397 1
1522 321 1
1335 629 1
1335 1345 1
1335 372 1
1335 1310 1
1335 2501 1
1335 1074 1
1335 2434 1
1335 1993 1
1335 94 1
1335 2199 1
1335 896 1
1335 2692 1
1335 2133 1
1335 1247 1
1335 2306 1
1335 2504 1
1335 1119 1
1335 1784 1
1335 952 1
1335 645 1
1335 1659 1
1335 557 1
1335 1663 1
1335 199 1
1335 1406 1
1906 1396 1
1906 179 1
1906 995 1
1906 2522 1
1906 1320 1
1906 1381 1
1906 2253 1
1906 672 1
1906 1861 1
1906 1401 1
1906 1945 1
1906 1950 1
1906 831 1
1906 596 1
1906 1212 1
1906 1432 1
1906 2668 1
1906 916 1
1906 2670 1
1906 2597 1
1906 2638 1
1906 1789 1
1906 2592 1
1906 856 1
1906 1300 1
1906 1651 1
1906 1646 1
1906 954 1
1906 68 1
300 118 1
300 2035 1
300 2663 1
300 1892 1
1384 1247 1
1366 372 1
1366 1485 1
1366 1801 1
1366 14 1
1366 2489 1
1366 2318 1
1366 1031 1
1302 197 1
1302 1052 1
113 1564 1
113 1706 1
113 2430 1
113 1980 1
113 1030 1
113 1743 1
113 2060 1
113 2017 1
1241 1205 1
507 535 1
507 318 1
507 1863 1
1343 896 1
1091 1667 1
1091 2582 1
1091 870 1
1091 2511 1
161 2485 1
161 942 1
161 16 1
161 1424 1
161 952 1
161 2124 1
161 664 1
161 873 1
161 199 1
2629 722 1
1564 2602 1
1564 1706 1
1564 2655 1
1564 2430 1
1564 159 1
1564 997 1
1564 1980 1
1564 1030 1
1564 1359 1
1564 1743 1
1564 2060 1
1564 2017 1
1564 2520 1
2429 1848 1
2429 2631 1
2519 1848 1
2519 291 1
2519 1582 1
2519 1617 1
2519 776 1
2519 1694 1
2519 2282 1
2519 1385 1
2519 199 1
403 1231 1
403 2299 1
403 394 1
403 254 1
403 764 1
403 1004 1
1381 1396 1
1381 179 1
1381 995 1
1381 946 1
1381 828 1
1381 1081 1
1381 1305 1
1381 308 1
1381 1005 1
1381 1861 1
1381 1401 1
1381 1945 1
1381 1950 1
1381 1376 1
1381 831 1
1381 596 1
1381 1212 1
1381 1432 1
1381 916 1
1381 2670 1
1381 1573 1
1381 2597 1
1381 2638 1
1381 334 1
1381 2592 1
1381 1451 1
1381 856 1
1381 1300 1
1381 1651 1
1381 1646 1
1381 2278 1
1381 788 1
1381 68 1
38 2176 1
38 1225 1
38 2335 1
38 1610 1
38 1461 1
38 17 1
38 2241 1
38 589 1
38 1428 1
38 1441 1
38 2017 1
38 2704 1
38 807 1
38 2520 1
38 1372 1
529 1251 1
529 2167 1
529 858 1
521 2039 1
521 891 1
2011 524 1
2011 1887 1
2011 2231 1
1730 1752 1
1730 1842 1
1730 708 1
1730 2199 1
1730 246 1
1730 2524 1
1730 133 1
1730 183 1
1730 1639 1
1730 2297 1
1730 1407 1
1730 1784 1
1730 2186 1
1730 1924 1
1730 1032 1
1397 2496 1
1397 2094 1
1397 2315 1
1397 2689 1
843 942 1
843 832 1
843 1407 1
843 664 1
1051 1091 1
1692 2419 1
514 573 1
514 246 1
1253 372 1
1253 2623 1
1253 771 1
1253 895 1
1253 559 1
1253 2199 1
1253 878 1
1253 301 1
1253 1055 1
1253 1784 1
1253 892 1
1253 2378 1
1253 821 1
1253 2102 1
1253 370 1
2651 1381 1
2651 1558 1
2651 1108 1
886 1978 1
12 520 1
12 1834 1
12 470 1
632 772 1
1349 58 1
1531 827 1
1531 1317 1
1531 246 1
1531 502 1
1531 2276 1
1306 1461 1
1306 2241 1
1443 1111 1
1443 258 1
2085 617 1
2085 2258 1
2085 1626 1
2456 1317 1
2456 1887 1
2456 399 1
2456 745 1
2456 1645 1
719 1171 1
480 1635 1
480 17 1
480 751 1
480 659 1
2175 2445 1
1579 629 1
1579 1345 1
1579 372 1
1579 1310 1
1579 2501 1
1579 674 1
1579 2199 1
1579 2705 1
1579 267 1
1579 1617 1
1579 760 1
1579 557 1
1579 922 1
710 1091 1
710 1868 1
710 1395 1
355 1322 1
851 372 1
851 616 1
851 896 1
869 2351 1
869 1734 1
869 2012 1
869 1197 1
869 2253 1
869 1108 1
869 631 1
869 500 1
869 2271 1
869 260 1
869 1855 1
869 2260 1
869 449 1
869 349 1
869 766 1
869 2209 1
473 2186 1
473 986 1
1469 2256 1
1469 2259 1
1469 832 1
1469 647 1
2703 1570 1
2703 570 1
1399 55 1
1399 2100 1
1399 1847 1
2578 1345 1
2578 372 1
2578 1732 1
2578 2125 1
2578 1359 1
2578 293 1
1848 2003 1
1585 1162 1
1585 586 1
1585 802 1
1585 1784 1
1585 258 1
1585 1800 1
1283 1844 1
1283 1439 1
2427 852 1
1317 502 1
1317 2707 1
1317 922 1
2284 1066 1
2284 409 1
2284 745 1
2550 1934 1
2550 1109 1
989 1848 1
989 267 1
989 1623 1
2015 1467 1
2015 306 1
1448 2413 1
2236 939 1
1411 1310 1
1411 557 1
203 312 1
203 171 1
203 2250 1
203 1765 1
203 271 1
624 2594 1
624 114 1
624 2618 1
624 1235 1
1812 1272 1
1812 5 1
876 1608 1
876 315 1
876 1901 1
876 1661 1
876 990 1
876 1537 1
876 810 1
876 1152 1
876 1849 1
876 2273 1
876 1884 1
876 1534 1
1214 1974 1
1934 1990 1
87 47 1
87 626 1
1147 2402 1
1147 2612 1
1147 85 1
1147 1770 1
1147 1832 1
2647 144 1
1502 1635 1
1502 751 1
1502 2017 1
1502 805 1
1502 1148 1
1502 1826 1
1502 807 1
573 630 1
315 1608 1
315 1901 1
315 1908 1
315 1661 1
315 990 1
315 810 1
315 1017 1
315 1849 1
315 2273 1
315 2001 1
315 1441 1
315 1534 1
315 1809 1
1066 1810 1
2346 1931 1
2346 837 1
722 1634 1
722 540 1
722 1454 1
722 1077 1
722 70 1
2199 246 1
2199 1979 1
1901 1608 1
1901 2199 1
1901 1333 1
1901 1908 1
1901 990 1
1901 1972 1
1901 2160 1
1901 2001 1
1901 198 1
1901 1809 1
1558 572 1
1558 1381 1
1558 1108 1
1558 2095 1
1558 2151 1
440 1791 1
440 2451 1
440 256 1
440 2674 1
440 1453 1
440 23 1
1292 246 1
1292 43 1
1292 715 1
1292 1112 1
1292 993 1
1292 829 1
617 2258 1
617 2184 1
617 492 1
617 1626 1
617 1117 1
1298 372 1
1298 2093 1
1298 246 1
1298 1673 1
184 1221 1
184 1037 1
184 2286 1
184 1819 1
184 450 1
184 1878 1
1872 1886 1
1872 1991 1
2448 1910 1
2492 1979 1
2492 5 1
314 1345 1
314 372 1
314 2501 1
314 1444 1
314 2341 1
314 588 1
314 457 1
2414 372 1
2414 900 1
2414 2578 1
2414 1444 1
2414 1008 1
2414 2341 1
2414 588 1
2414 293 1
951 1242 1
508 1999 1
508 1111 1
508 1134 1
508 2034 1
508 2214 1
508 2003 1
508 1151 1
2164 1917 1
2164 165 1
2164 2009 1
2164 1920 1
2164 72 1
2164 1648 1
1231 1347 1
1231 297 1
1231 133 1
1231 2299 1
1231 394 1
1231 254 1
1231 1275 1
1231 764 1
1231 2497 1
1231 1004 1
165 1917 1
165 2253 1
165 1054 1
165 2009 1
165 2586 1
165 1920 1
165 72 1
165 319 1
165 2391 1
165 1648 1
165 2280 1
1142 896 1
1122 1875 1
1122 101 1
1026 128 1
2051 1162 1
2051 2239 1
21 866 1
21 728 1
21 1690 1
21 2118 1
21 737 1
21 359 1
21 1565 1
1996 1468 1
1170 696 1
66 1150 1
1808 2199 1
1808 2091 1
1808 246 1
1808 436 1
1808 327 1
1808 924 1
1808 1784 1
1808 1359 1
1808 905 1
1808 2255 1
1808 1591 1
1808 1656 1
1808 2393 1
1801 14 1
1801 1818 1
2602 2356 1
2602 2391 1
2602 730 1
2602 833 1
1732 2163 1
1732 883 1
1732 1671 1
2146 2544 1
2146 1091 1
2146 1915 1
2146 1319 1
1890 2200 1
1890 1638 1
1890 2612 1
1890 1924 1
247 43 1
247 715 1
247 993 1
247 643 1
247 829 1
247 526 1
247 1683 1
247 557 1
247 2641 1
1174 1541 1
1174 1983 1
1174 979 1
1174 1021 1
1174 711 1
1174 663 1
1174 2031 1
1174 2559 1
1174 891 1
1174 526 1
1174 214 1
1174 1154 1
1174 1679 1
1388 154 1
1388 992 1
1388 982 1
1388 968 1
1388 390 1
1388 2443 1
488 1192 1
1506 197 1
1506 798 1
1506 2590 1
1506 11 1
1506 1052 1
1290 896 1
1290 183 1
1290 700 1
1290 1737 1
1290 952 1
795 866 1
795 1133 1
795 1864 1
795 1690 1
795 2118 1
1705 2085 1
1705 617 1
1705 2258 1
1705 2184 1
1705 492 1
1705 1626 1
1705 2052 1
2387 1358 1
2387 6 1
2387 2478 1
2387 2362 1
1223 2628 1
1223 912 1
1223 1087 1
1223 2415 1
1223 1196 1
1223 1423 1
1223 1457 1
166 392 1
166 2463 1
166 1621 1
1160 1091 1
1791 185 1
1791 1709 1
1791 2498 1
1791 554 1
1791 23 1
1799 1265 1
1799 2172 1
1799 1877 1
1799 1049 1
1799 2624 1
1799 1932 1
1799 2566 1
1799 2560 1
1799 803 1
1657 1317 1
2158 1664 1
2292 88 1
2 1100 1
325 1545 1
325 1741 1
1739 1848 1
1739 2647 1
1739 2199 1
1739 386 1
1739 2543 1
1739 1120 1
1861 946 1
1861 828 1
1861 929 1
1861 2028 1
1861 308 1
1861 1401 1
1861 1945 1
1861 1950 1
1861 831 1
1861 596 1
1861 1212 1
1861 1432 1
1861 2670 1
1861 2597 1
1861 2638 1
1861 2592 1
1861 856 1
1861 2479 1
1861 1300 1
1861 1651 1
1861 1646 1
1861 68 1
637 895 1
637 2703 1
637 408 1
637 1890 1
637 246 1
637 896 1
637 1524 1
637 1638 1
637 2394 1
637 1287 1
637 776 1
637 2612 1
637 2403 1
637 365 1
637 892 1
637 275 1
637 1063 1
637 1818 1
637 2318 1
1644 1652 1
1644 239 1
2659 1175 1
413 1853 1
2705 1038 1
2705 2246 1
2705 1639 1
2705 1660 1
2705 816 1
2705 348 1
2195 415 1
896 1233 1
2328 1393 1
2138 1608 1
2138 1901 1
2138 1908 1
2138 990 1
2138 2160 1
2138 2001 1
2138 1809 1
215 2349 1
2628 1435 1
2628 246 1
2628 1087 1
2628 2415 1
2628 1655 1
2628 1423 1
2628 1656 1
2628 1457 1
600 2387 1
600 2624 1
600 2066 1
600 2617 1
600 357 1
311 2340 1
311 101 1
2285 1973 1
923 1580 1
923 2484 1
923 2644 1
28 2373 1
28 1101 1
28 474 1
28 1399 1
28 896 1
28 1065 1
28 1476 1
28 840 1
28 1403 1
28 380 1
28 1126 1
28 319 1
28 1263 1
1386 1538 1
1386 2631 1
1386 1024 1
1386 1344 1
1386 225 1
2207 1538 1
2207 1382 1
2207 1344 1
930 1722 1
1945 2035 1
1945 828 1
1945 1320 1
1945 1468 1
1945 1401 1
1945 1950 1
1945 831 1
1945 596 1
1945 1212 1
1945 1432 1
1945 916 1
1945 2670 1
1945 2597 1
1945 2638 1
1945 2592 1
1945 856 1
1945 309 1
1945 1300 1
1945 1651 1
1945 1646 1
1945 1818 1
1945 68 1
391 373 1
391 1043 1
391 1973 1
1952 246 1
1952 1737 1
1952 2413 1
1952 952 1
1952 1115 1
1952 1818 1
231 1388 1
231 1240 1
231 937 1
1908 1608 1
1908 2188 1
1908 876 1
1908 990 1
1908 1972 1
1908 2001 1
1908 1809 1
278 1396 1
278 1310 1
278 895 1
278 246 1
278 896 1
278 1130 1
278 2136 1
278 2043 1
278 1806 1
278 721 1
278 2192 1
93 882 1
1238 367 1
1238 1887 1
1238 1111 1
1238 1134 1
1238 260 1
1238 2308 1
1238 2003 1
1238 1910 1
1238 1645 1
197 1571 1
197 11 1
197 1052 1
6 246 1
6 2624 1
6 2478 1
6 2362 1
6 2617 1
1810 372 1
1810 616 1
1810 1564 1
1810 1238 1
208 2421 1
208 2266 1
208 1279 1
208 2534 1
2469 246 1
2469 539 1
1538 1024 1
1538 1344 1
1538 574 1
2538 444 1
2538 1745 1
904 1247 1
904 1910 1
435 2635 1
2451 1791 1
2451 2498 1
2451 23 1
46 2073 1
731 1925 1
731 1317 1
731 1617 1
731 199 1
731 901 1
712 895 1
712 493 1
712 1784 1
712 1031 1
2439 1227 1
2439 1304 1
2439 1025 1
2056 382 1
966 933 1
1524 895 1
1524 520 1
1524 2341 1
1524 892 1
1524 2614 1
1339 1910 1
1514 246 1
1514 1395 1
2168 1346 1
2168 1759 1
2168 152 1
2353 183 1
2353 2185 1
1410 1396 1
1410 896 1
1410 1276 1
1410 924 1
1410 1809 1
2399 470 1
2399 1479 1
984 1580 1
984 952 1
212 1949 1
212 1823 1
212 2481 1
212 1011 1
212 41 1
1417 2 1
1417 1191 1
1417 1145 1
1417 2075 1
248 372 1
248 2589 1
2561 1446 1
2244 1016 1
240 372 1
240 1234 1
240 948 1
240 256 1
240 1859 1
240 1075 1
240 185 1
240 554 1
240 1551 1
240 2488 1
240 145 1
1109 1672 1
1109 1397 1
1109 2196 1
1109 630 1
1109 2239 1
1109 1119 1
1109 1774 1
1109 1685 1
540 1310 1
540 144 1
540 2112 1
540 2144 1
540 1320 1
540 1885 1
540 1051 1
540 1078 1
540 94 1
540 1861 1
540 896 1
540 1401 1
540 1945 1
540 1254 1
540 1382 1
540 831 1
540 1887 1
540 2670 1
540 2597 1
540 2638 1
540 260 1
540 1553 1
540 2592 1
540 1600 1
540 952 1
540 2032 1
540 580 1
540 1300 1
540 1651 1
540 1813 1
1597 1170 1
2190 440 1
2190 2411 1
2190 1797 1
2190 185 1
2190 69 1
2190 1169 1
2190 1453 1
2190 23 1
912 1818 1
2301 1796 1
2301 673 1
2301 2491 1
2301 2576 1
2301 275 1
2301 1077 1
2301 2224 1
251 1876 1
746 1907 1
511 1838 1
511 1619 1
511 865 1
511 641 1
511 2090 1
511 33 1
511 1178 1
511 352 1
511 1430 1
511 513 1
511 2426 1
511 1266 1
511 517 1
511 748 1
511 431 1
511 2669 1
511 2106 1
511 880 1
511 693 1
1431 1818 1
1140 2441 1
1140 320 1
604 154 1
604 1388 1
604 992 1
604 982 1
604 277 1
604 2087 1
604 288 1
604 2377 1
604 1189 1
604 275 1
604 656 1
604 211 1
604 60 1
604 968 1
604 2447 1
604 390 1
604 937 1
604 1155 1
604 2443 1
604 2212 1
2246 2624 1
2246 2341 1
1221 1037 1
1221 2286 1
1221 450 1
1221 1043 1
1221 1878 1
1221 2067 1
1024 2633 1
1024 1317 1
1024 1601 1
1024 1382 1
1024 1344 1
1054 232 1
1054 2586 1
1054 72 1
1054 319 1
1054 2635 1
1054 2231 1
1054 1586 1
1054 2311 1
1054 2225 1
1054 2280 1
2179 1973 1
383 510 1
383 1485 1
383 246 1
383 2561 1
383 1784 1
383 821 1
684 1007 1
681 2449 1
681 2096 1
65 896 1
65 2003 1
65 952 1
65 1863 1
2293 1265 1
2293 639 1
2293 1902 1
2293 2172 1
2293 128 1
2293 1799 1
2293 2367 1
2293 246 1
2293 1704 1
2293 1877 1
2293 809 1
2293 1049 1
2293 228 1
2293 685 1
2293 225 1
2293 36 1
2293 2624 1
2293 652 1
2293 1488 1
2293 221 1
2293 1932 1
2293 1694 1
2293 2566 1
2293 2182 1
2293 1474 1
2293 536 1
2293 697 1
2293 2560 1
2293 1000 1
2293 620 1
2293 2542 1
2293 688 1
1125 2546 1
627 225 1
2359 1886 1
2359 1314 1
2359 2079 1
799 391 1
799 626 1
799 1464 1
799 2465 1
290 678 1
1456 396 1
2219 2239 1
2219 1119 1
2219 793 1
2219 1313 1
2219 1910 1
2219 922 1
127 1331 1
677 1390 1
210 2391 1
2411 372 1
2411 440 1
2411 0 1
2411 1797 1
2411 185 1
2411 69 1
2411 1453 1
2411 279 1
2411 23 1
1254 2199 1
1254 2377 1
255 144 1
255 1057 1
530 339 1
530 983 1
623 120 1
623 835 1
167 416 1
167 1555 1
167 500 1
167 2677 1
167 2287 1
167 550 1
167 1846 1
1624 372 1
1624 2501 1
1624 2144 1
1624 2199 1
1624 896 1
1624 1784 1
1624 1093 1
1624 1273 1
1624 63 1
1601 896 1
1601 2207 1
1601 1538 1
1601 1344 1
2568 895 1
2568 2624 1
2568 751 1
1985 2251 1
1985 2528 1
1985 2633 1
1985 1317 1
1985 2469 1
1985 43 1
1985 225 1
1985 2445 1
1985 2624 1
1985 844 1
1985 177 1
1985 434 1
1985 2166 1
1985 761 1
1985 1029 1
1985 1009 1
1785 739 1
54 416 1
54 500 1
54 1476 1
54 2287 1
54 941 1
1623 344 1
1623 372 1
1623 616 1
1623 895 1
1623 1848 1
1623 672 1
1623 906 1
1623 225 1
1623 2506 1
1623 2182 1
1623 2186 1
400 962 1
400 876 1
400 343 1
400 2269 1
400 1912 1
400 2341 1
400 2003 1
400 1849 1
400 1910 1
400 2273 1
400 39 1
400 1534 1
400 1723 1
1245 2308 1
1376 1861 1
1376 1887 1
1376 1784 1
1376 497 1
1376 1656 1
1376 1505 1
1982 2251 1
1982 2633 1
1982 2308 1
1982 1973 1
969 2491 1
969 730 1
1382 895 1
1382 585 1
1382 2558 1
695 895 1
695 2002 1
695 1444 1
695 2445 1
695 1394 1
695 892 1
695 2186 1
695 1765 1
695 2552 1
695 1000 1
1571 794 1
1571 190 1
1571 1052 1
100 1517 1
100 1555 1
100 1476 1
100 1814 1
100 1059 1
100 319 1
100 941 1
100 1586 1
100 2225 1
958 246 1
502 2697 1
502 2633 1
502 1431 1
502 818 1
502 224 1
502 225 1
502 1464 1
502 509 1
502 2564 1
502 2707 1
502 105 1
2626 1652 1
1144 2467 1
1144 504 1
1144 362 1
1144 1159 1
648 479 1
479 2093 1
479 1111 1
479 1134 1
479 2034 1
479 1910 1
48 2506 1
0 372 1
0 2400 1
0 440 1
0 1999 1
0 1797 1
0 1111 1
0 1134 1
0 185 1
0 90 1
0 69 1
0 2003 1
0 537 1
0 1453 1
0 279 1
0 1151 1
0 23 1
393 144 1
393 1025 1
692 1623 1
337 1917 1
337 1555 1
337 1054 1
337 54 1
337 100 1
337 2009 1
337 2586 1
337 1476 1
337 1920 1
337 72 1
337 1059 1
337 2020 1
337 319 1
337 941 1
337 2231 1
2486 2481 1
948 372 1
948 2199 1
948 1234 1
948 979 1
948 256 1
948 1859 1
948 185 1
948 2268 1
948 554 1
948 1551 1
2493 1091 1
566 844 1
831 1401 1
831 1212 1
831 1432 1
831 2670 1
831 2597 1
831 2638 1
831 2592 1
831 309 1
831 1300 1
831 1651 1
831 1646 1
831 1818 1
831 68 1
324 1018 1
324 1498 1
596 946 1
596 929 1
596 308 1
596 246 1
596 896 1
596 1401 1
596 1950 1
596 831 1
596 1212 1
596 1432 1
596 2670 1
596 2597 1
596 2638 1
596 1942 1
596 2592 1
596 330 1
596 856 1
596 952 1
596 1300 1
596 2368 1
596 1651 1
596 1646 1
596 68 1
687 2093 1
687 2199 1
1463 144 1
2084 2409 1
2084 1387 1
1880 943 1
269 692 1
269 1694 1
1475 1252 1
1475 2514 1
2622 896 1
2622 669 1
2622 2625 1
452 392 1
1550 128 1
1550 246 1
1550 896 1
1550 1912 1
1550 1973 1
392 2463 1
392 1621 1
438 616 1
438 1482 1
438 545 1
979 1695 1
979 2039 1
979 663 1
979 242 1
979 2031 1
979 2559 1
979 2391 1
979 891 1
979 2283 1
979 526 1
979 214 1
979 1679 1
1768 2242 1
1768 1130 1
1768 1475 1
1548 1910 1
483 2354 1
2090 641 1
2090 33 1
2090 352 1
2090 1430 1
2090 513 1
2090 748 1
2090 431 1
2090 2669 1
2090 2106 1
2090 880 1
2090 693 1
2299 394 1
2299 254 1
1212 1396 1
1212 179 1
1212 995 1
1212 1347 1
1212 2028 1
1212 1485 1
1212 1950 1
1212 660 1
1212 2668 1
1212 903 1
1212 2670 1
1212 713 1
1212 2592 1
1212 1424 1
1212 2048 1
1212 1882 1
1212 1651 1
1212 1646 1
1212 954 1
1212 68 1
1028 565 1
1028 769 1
1028 613 1
675 1793 1
33 2630 1
33 2547 1
33 641 1
33 224 1
33 352 1
33 1430 1
33 644 1
33 2237 1
33 513 1
33 642 1
33 2290 1
33 1447 1
33 2003 1
33 748 1
33 431 1
33 2669 1
33 2106 1
33 880 1
183 804 1
183 1226 1
2337 300 1
2337 1892 1
992 154 1
992 1999 1
992 982 1
992 2377 1
992 60 1
992 968 1
992 390 1
992 2443 1
992 2212 1
720 629 1
720 1345 1
720 372 1
720 616 1
720 1317 1
720 2199 1
1200 8 1
741 667 1
741 1854 1
1780 1746 1
1780 183 1
1780 2276 1
1432 1401 1
1432 1950 1
1432 1212 1
1432 1850 1
1432 717 1
1432 2670 1
1432 2597 1
1432 2638 1
1432 2592 1
1432 1300 1
1432 1651 1
1432 1646 1
1432 199 1
1432 68 1
481 895 1
481 2450 1
481 150 1
481 1395 1
1710 1488 1
1936 1682 1
374 734 1
2258 2624 1
2258 492 1
2258 1626 1
2258 2341 1
2258 1117 1
1661 1134 1
1661 2034 1
1647 246 1
1647 225 1
1647 1626 1
1647 922 1
2430 1888 1
2430 1237 1
2430 2634 1
2430 147 1
2430 896 1
2430 1706 1
2430 183 1
2430 2655 1
2430 159 1
2430 2125 1
2430 997 1
2430 1980 1
2430 1030 1
2430 1359 1
2430 1743 1
2430 2060 1
2430 2017 1
2430 2704 1
2430 1723 1
2430 2520 1
1308 1539 1
1308 1409 1
1308 2064 1
660 2623 1
660 895 1
660 1253 1
660 2631 1
660 1055 1
660 1287 1
660 892 1
660 585 1
660 821 1
2442 1143 1
1844 1439 1
1844 1986 1
2545 794 1
1205 94 1
1205 468 1
1205 273 1
1205 1840 1
1205 2419 1
1205 952 1
207 1224 1
135 1340 1
135 2643 1
135 5 1
2210 151 1
2210 2199 1
2210 246 1
2210 1818 1
294 2653 1
294 230 1
294 2569 1
294 2705 1
294 1625 1
294 1247 1
294 563 1
294 22 1
294 972 1
294 2432 1
294 2426 1
294 2137 1
294 1960 1
294 2197 1
294 276 1
294 1915 1
294 351 1
294 737 1
294 1674 1
294 727 1
1887 367 1
1887 144 1
1887 2346 1
1887 896 1
1887 1617 1
1887 952 1
1887 1395 1
1887 1645 1
1887 199 1
1887 407 1
935 1091 1
1954 633 1
1070 2470 1
1070 59 1
990 1345 1
990 1608 1
990 246 1
990 1661 1
990 1972 1
990 810 1
990 82 1
990 1152 1
990 1849 1
990 2273 1
990 1884 1
990 2001 1
990 1534 1
990 198 1
990 1809 1
1207 895 1
1207 246 1
1207 2217 1
1207 2695 1
1207 1784 1
1207 1760 1
1207 442 1
1207 821 1
1207 170 1
2450 246 1
2450 1784 1
2450 2255 1
1605 1637 1
1605 2060 1
2324 755 1
982 1172 1
982 154 1
982 2377 1
982 1189 1
982 1784 1
982 211 1
982 60 1
982 968 1
982 2447 1
982 390 1
982 2443 1
982 2212 1
1261 1248 1
1261 1181 1
1261 703 1
394 2445 1
394 254 1
394 1364 1
394 1652 1
394 764 1
394 1004 1
1797 1453 1
1797 23 1
277 154 1
277 1388 1
277 992 1
277 2087 1
277 60 1
277 968 1
277 2447 1
277 390 1
277 2443 1
277 2212 1
1970 347 1
2320 929 1
2320 899 1
2320 463 1
2247 246 1
1693 629 1
1693 705 1
1693 2467 1
1693 2069 1
1693 1842 1
1693 553 1
1693 1382 1
1693 2133 1
1693 155 1
1693 49 1
1693 1659 1
500 2065 1
500 285 1
500 416 1
500 246 1
500 1021 1
500 1617 1
500 493 1
500 85 1
500 1784 1
500 892 1
500 199 1
1095 896 1
1356 857 1
959 2650 1
959 895 1
959 2093 1
959 2199 1
959 246 1
959 2084 1
959 1784 1
959 427 1
406 2093 1
406 183 1
406 1032 1
243 436 1
1444 1982 1
1444 2002 1
1444 387 1
1444 224 1
1444 2053 1
1444 2445 1
1444 1784 1
1444 2364 1
1444 588 1
1444 931 1
1444 1269 1
1444 1273 1
1444 1783 1
1444 1565 1
1444 1139 1
1444 2552 1
1444 1000 1
1444 1567 1
1444 426 1
2402 367 1
2402 771 1
2402 895 1
2402 246 1
2402 251 1
2402 500 1
2402 587 1
2402 2403 1
2402 85 1
2402 1394 1
2402 1784 1
2402 1770 1
2402 821 1
2402 1818 1
2402 1832 1
443 332 1
173 372 1
173 1545 1
173 2572 1
173 1092 1
173 1714 1
173 991 1
173 1786 1
173 96 1
173 2101 1
173 2086 1
1598 2491 1
1504 1387 1
2557 1746 1
2557 1941 1
86 2015 1
86 1467 1
86 1096 1
86 1318 1
86 414 1
86 2412 1
1008 2341 1
1008 457 1
387 246 1
387 2364 1
387 1139 1
387 426 1
2271 372 1
2271 1317 1
2271 246 1
2271 896 1
2271 1444 1
2271 1617 1
2271 952 1
2271 2186 1
2271 1560 1
2271 2457 1
2271 199 1
938 630 1
256 1791 1
256 1234 1
256 1859 1
256 185 1
256 2498 1
256 554 1
256 1551 1
256 23 1
881 1645 1
1927 2050 1
2094 2315 1
2094 2689 1
160 95 1
1665 1312 1
542 786 1
542 1416 1
542 1038 1
542 455 1
542 2453 1
542 1493 1
542 690 1
386 2543 1
870 1667 1
1695 2039 1
1695 663 1
1695 242 1
1695 2031 1
1695 2559 1
1695 526 1
1695 214 1
1695 1679 1
2125 1564 1
2125 2002 1
2125 1980 1
2125 2445 1
2125 1030 1
2125 1359 1
2125 2060 1
2125 2520 1
1607 1848 1
1607 2355 1
2583 234 1
1267 159 1
1267 579 1
2586 2065 1
2586 2009 1
2586 72 1
2586 319 1
2586 941 1
2586 2231 1
2586 2311 1
2586 389 1
2586 2280 1
2508 232 1
2508 1352 1
1949 1823 1
1949 2481 1
1949 1011 1
1949 41 1
809 1265 1
809 2384 1
809 2253 1
809 194 1
809 609 1
809 388 1
809 1924 1
809 2483 1
1617 269 1
1617 1928 1
1617 2282 1
1617 2564 1
1617 2187 1
1617 199 1
906 2593 1
906 2199 1
906 2002 1
906 2445 1
906 2632 1
906 1784 1
906 445 1
906 2186 1
906 1264 1
906 2132 1
906 986 1
906 1818 1
906 2318 1
2677 1517 1
2677 416 1
2677 100 1
2677 337 1
2677 1476 1
2677 1059 1
2677 319 1
2677 1846 1
2677 2231 1
2677 1586 1
2677 2225 1
2677 2280 1
2149 2061 1
2149 1001 1
2149 611 1
2149 174 1
2149 791 1
2149 1992 1
2149 2672 1
2149 503 1
2149 598 1
2149 2480 1
224 1317 1
301 206 1
301 782 1
301 2341 1
301 1394 1
301 2391 1
301 1415 1
301 723 1
301 2378 1
301 417 1
301 2186 1
301 536 1
301 730 1
301 1594 1
301 1818 1
301 1681 1
2087 2660 1
2087 1172 1
2087 464 1
2087 154 1
2087 1091 1
2087 2253 1
2087 992 1
2087 982 1
2087 288 1
2087 2377 1
2087 2034 1
2087 656 1
2087 1077 1
2087 2465 1
2087 211 1
2087 60 1
2087 968 1
2087 2447 1
2087 1453 1
2087 2443 1
2087 2212 1
2264 862 1
2264 836 1
2264 914 1
236 1910 1
236 888 1
459 2275 1
459 1852 1
1087 246 1
1087 912 1
1087 2415 1
1087 1196 1
1087 1423 1
1087 1457 1
1537 983 1
418 2018 1
418 1977 1
418 1979 1
418 429 1
418 2276 1
418 2004 1
352 865 1
352 641 1
352 1620 1
352 102 1
352 206 1
352 1430 1
352 1737 1
352 513 1
352 2221 1
352 2290 1
352 134 1
352 748 1
352 431 1
352 2669 1
352 2106 1
352 880 1
352 693 1
1512 113 1
43 715 1
43 1112 1
43 643 1
43 1939 1
43 313 1
43 2641 1
2098 2061 1
2098 1001 1
2098 611 1
2098 174 1
2098 791 1
2098 1758 1
2098 1992 1
2098 503 1
2098 2407 1
2098 598 1
2098 2480 1
491 883 1
1268 481 1
1268 150 1
1268 1868 1
1268 1395 1
1049 2172 1
1049 2367 1
1049 1877 1
1049 652 1
1049 1932 1
1049 2560 1
1049 688 1
602 246 1
602 2040 1
47 1978 1
47 1899 1
47 23 1
1864 1988 1
1864 1690 1
1864 2118 1
1864 1565 1
1864 2686 1
2068 374 1
2068 2079 1
2068 2391 1
2068 730 1
2068 597 1
2213 732 1
601 2705 1
484 896 1
484 1887 1
484 1602 1
484 1645 1
552 820 1
552 2496 1
552 192 1
1216 1923 1
1503 2078 1
1503 1815 1
625 1848 1
625 675 1
625 1247 1
625 1303 1
625 1519 1
625 1243 1
625 1969 1
625 2503 1
1355 1708 1
1355 1284 1
1355 1121 1
1355 2617 1
1015 1019 1
1015 2664 1
1928 282 1
1928 1394 1
1928 2182 1
1928 227 1
2115 144 1
2115 691 1
1195 1552 1
1195 2519 1
1195 246 1
1195 1507 1
1195 2341 1
1828 1969 1
2700 372 1
2700 1796 1
2700 1485 1
2700 770 1
2700 2199 1
2700 896 1
2700 675 1
2700 2535 1
2700 2139 1
2700 1507 1
2700 2239 1
2700 642 1
2700 2435 1
2700 1006 1
2700 275 1
2700 1155 1
944 745 1
1430 518 1
1430 865 1
1430 513 1
1430 748 1
1430 431 1
1430 2669 1
1430 558 1
1430 2106 1
1430 880 1
1430 693 1
471 2541 1
471 952 1
471 1258 1
191 332 1
191 958 1
191 2005 1
563 1247 1
563 2491 1
563 1387 1
525 493 1
810 225 1
810 1177 1
810 2273 1
810 1884 1
810 1131 1
2039 1345 1
2039 2501 1
2039 2199 1
2039 663 1
2039 2348 1
2039 242 1
2039 2031 1
2039 2559 1
2039 891 1
2039 526 1
2039 214 1
2039 123 1
2039 1723 1
2039 1679 1
911 75 1
1442 295 1
874 1689 1
874 1109 1
874 7 1
781 2378 1
2551 128 1
2551 896 1
2551 225 1
1408 1699 1
2272 2348 1
2601 84 1
15 1848 1
15 896 1
15 2088 1
15 199 1
493 246 1
493 892 1
493 815 1
493 2558 1
2110 841 1
2110 2464 1
711 344 1
711 895 1
711 1579 1
711 246 1
711 2631 1
711 2341 1
711 2378 1
711 2465 1
711 1000 1
711 1154 1
711 1973 1
1633 148 1
1633 2514 1
2670 1401 1
2670 1950 1
2670 2597 1
2670 2638 1
2670 2592 1
2670 856 1
2670 1300 1
2670 1651 1
2670 1646 1
2670 68 1
2021 895 1
2021 2199 1
2021 246 1
2021 1382 1
2021 2133 1
2021 225 1
2021 1784 1
2021 1656 1
2315 1555 1
2315 2496 1
2315 1045 1
2315 1618 1
2315 2026 1
2315 2689 1
288 1172 1
288 2061 1
288 154 1
288 2301 1
288 982 1
288 1694 1
288 656 1
288 390 1
288 2276 1
288 2212 1
190 2144 1
190 896 1
1353 895 1
1353 246 1
1353 2186 1
1353 536 1
1353 1818 1
1312 444 1
1312 1184 1
1312 1745 1
1312 1158 1
1134 2035 1
1134 1111 1
1389 895 1
1389 473 1
1389 1543 1
1389 246 1
1389 530 1
1389 1501 1
1389 1618 1
1389 1394 1
1389 1222 1
1389 986 1
1389 1818 1
1389 1 1
791 2061 1
791 1001 1
791 611 1
791 1758 1
791 503 1
791 2407 1
791 598 1
2471 1818 1
2471 531 1
579 2691 1
579 533 1
579 22 1
579 27 1
579 1981 1
579 2030 1
1758 1992 1
1758 503 1
1758 598 1
1321 1593 1
1321 1841 1
543 2313 1
543 2129 1
263 2009 1
263 72 1
263 941 1
1287 1253 1
1287 1105 1
1287 892 1
1287 567 1
1287 821 1
1859 372 1
1859 1234 1
1859 246 1
1859 185 1
1859 1784 1
1859 2391 1
1859 554 1
1859 1551 1
1859 730 1
1859 2488 1
2174 128 1
713 2456 1
713 2357 1
1716 581 1
1716 1913 1
694 1247 1
859 1590 1
673 1345 1
673 372 1
673 2501 1
673 2199 1
673 246 1
673 225 1
673 1394 1
673 2392 1
673 2576 1
673 1951 1
673 1818 1
673 2224 1
673 2071 1
673 2408 1
2266 2620 1
2266 2421 1
2266 1112 1
2266 1279 1
2266 2534 1
225 855 1
225 2465 1
225 608 1
106 2332 1
1257 870 1
1257 819 1
1257 1422 1
201 246 1
201 1818 1
972 345 1
972 2445 1
1329 2355 1
1329 2378 1
1050 125 1
1050 852 1
1050 805 1
1050 1148 1
1050 1826 1
1050 807 1
934 967 1
934 1242 1
1138 2251 1
1138 571 1
1138 122 1
1138 1827 1
1138 750 1
1676 1317 1
1676 1650 1
1676 2631 1
1676 330 1
1829 2532 1
1829 1025 1
1476 1555 1
1476 1054 1
1476 1382 1
1476 2586 1
1476 195 1
1476 1059 1
1476 319 1
1476 941 1
1476 2231 1
1476 1586 1
1476 2280 1
171 2250 1
171 271 1
2539 572 1
2539 1163 1
2539 1703 1
1843 1218 1
2006 128 1
2006 246 1
2006 896 1
2226 1575 1
2226 1316 1
1979 372 1
1979 246 1
1979 493 1
1979 1394 1
1979 5 1
2415 1398 1
2415 892 1
2415 1423 1
2415 1457 1
395 924 1
2597 1401 1
2597 1950 1
2597 1212 1
2597 2638 1
2597 2592 1
2597 856 1
2597 1300 1
2597 1651 1
2597 1646 1
2597 68 1
548 1436 1
2662 674 1
2662 1336 1
2662 1025 1
2376 896 1
96 2101 1
2440 334 1
2440 378 1
1980 342 1
1980 1706 1
1980 2655 1
1980 2289 1
1980 1444 1
1980 159 1
1980 997 1
1980 1050 1
1980 1030 1
1980 1359 1
1980 1910 1
1980 1743 1
1980 2060 1
1980 2017 1
1980 2704 1
1980 1723 1
1980 2520 1
2319 372 1
2319 564 1
2319 246 1
2319 2506 1
587 1888 1
587 896 1
587 1151 1
587 927 1
945 1468 1
945 2097 1
2445 2661 1
2445 987 1
2445 2002 1
2445 381 1
2445 890 1
2445 588 1
2445 1077 1
2445 1510 1
2445 1565 1
2445 2552 1
2445 1525 1
2445 1000 1
855 2199 1
855 2624 1
2350 629 1
2350 372 1
2350 1842 1
2350 895 1
2350 246 1
2350 183 1
2350 2417 1
2350 2297 1
2350 49 1
2350 1784 1
2350 281 1
2350 2182 1
2350 2105 1
2350 1659 1
2350 1783 1
2350 264 1
305 794 1
305 225 1
1362 2627 1
1362 2107 1
1362 2495 1
1362 1779 1
1362 1356 1
1362 2624 1
1362 1288 1
1362 2282 1
1362 2341 1
1362 2390 1
879 372 1
879 2631 1
1920 2009 1
1920 72 1
1920 941 1
1920 544 1
1920 2280 1
2104 1848 1
2104 128 1
2104 896 1
2104 1382 1
2104 1247 1
2104 1134 1
2104 2445 1
2104 334 1
2104 1694 1
2104 2341 1
2104 1043 1
2104 239 1
2058 2365 1
2058 1357 1
2058 998 1
2058 2632 1
2058 2475 1
2058 2391 1
2058 541 1
2624 188 1
2624 1265 1
2624 89 1
2624 1902 1
2624 2172 1
2624 2367 1
2624 246 1
2624 1704 1
2624 1877 1
2624 1049 1
2624 228 1
2624 685 1
2624 864 1
2624 652 1
2624 221 1
2624 1932 1
2624 2566 1
2624 2560 1
2624 803 1
2624 605 1
2624 620 1
2624 688 1
808 1381 1
808 2651 1
808 1558 1
808 1108 1
808 2095 1
808 2465 1
2638 1010 1
2638 408 1
2638 1401 1
2638 1950 1
2638 1212 1
2638 916 1
2638 2592 1
2638 1059 1
2638 856 1
2638 309 1
2638 1300 1
2638 1651 1
2638 1646 1
2638 68 1
254 1345 1
254 372 1
254 2501 1
254 2434 1
254 2199 1
254 1061 1
254 1153 1
254 1784 1
254 793 1
254 952 1
254 1659 1
254 1273 1
254 764 1
254 1004 1
917 170 1
2425 1749 1
2425 1113 1
652 188 1
652 89 1
652 2172 1
652 221 1
652 1932 1
652 697 1
2536 1317 1
1236 436 1
2101 2572 1
2101 2086 1
2101 1486 1
1106 1375 1
1106 2096 1
1402 2177 1
1402 2276 1
1639 528 1
1639 2604 1
1639 150 1
1639 1341 1
1639 816 1
1639 696 1
1639 1784 1
1639 952 1
1639 645 1
1639 1910 1
1639 1659 1
1639 1505 1
1303 275 1
1303 2424 1
181 738 1
663 1357 1
663 242 1
663 2031 1
663 2559 1
663 891 1
663 2283 1
663 526 1
663 214 1
663 1679 1
1769 877 1
590 1542 1
1744 1216 1
1744 1784 1
796 2401 1
796 322 1
796 1140 1
796 320 1
796 2513 1
796 749 1
260 629 1
260 1734 1
260 2697 1
260 2144 1
260 518 1
260 896 1
260 1999 1
260 274 1
260 630 1
260 699 1
260 1173 1
260 150 1
260 494 1
260 365 1
260 140 1
260 2391 1
260 1910 1
260 239 1
260 985 1
260 2625 1
1948 2199 1
1948 855 1
718 293 1
819 1173 1
819 2020 1
2366 585 1
907 246 1
907 1149 1
907 423 1
947 1974 1
2139 895 1
2139 246 1
2139 31 1
2139 906 1
2139 225 1
2139 635 1
2139 2186 1
20 1593 1
20 246 1
20 1524 1
20 2341 1
20 1930 1
2398 1533 1
2398 2010 1
2013 1381 1
2013 1861 1
2013 831 1
2013 49 1
2013 1646 1
1919 1524 1
1919 470 1
2243 768 1
2243 246 1
2243 1788 1
2243 2325 1
1225 2636 1
1225 2335 1
1225 1461 1
1225 17 1
1225 2241 1
1225 1428 1
1225 1441 1
1225 807 1
1225 1372 1
1173 1539 1
1173 2152 1
1173 1224 1
1173 2363 1
1173 952 1
2690 1173 1
2541 1258 1
686 825 1
2612 1047 1
2612 372 1
2612 528 1
2612 895 1
2612 473 1
2612 2199 1
2612 246 1
2612 2705 1
2612 896 1
2612 1887 1
2612 1394 1
2612 696 1
2612 1784 1
2612 585 1
2612 952 1
2612 536 1
2612 1818 1
914 212 1
914 836 1
914 1949 1
914 1161 1
914 237 1
57 1848 1
57 225 1
57 2445 1
57 2341 1
57 2340 1
57 1784 1
1855 372 1
1855 2135 1
1855 2501 1
1855 616 1
1855 1784 1
1855 2276 1
467 1628 1
467 1934 1
467 246 1
467 1207 1
467 917 1
467 1990 1
467 163 1
467 1012 1
467 170 1
467 1818 1
467 2318 1
2218 225 1
241 188 1
241 89 1
241 2172 1
241 1799 1
241 1049 1
241 1932 1
241 803 1
1181 2236 1
1181 703 1
2019 1064 1
2043 1806 1
2043 721 1
2043 2192 1
244 1675 1
371 2081 1
371 2438 1
371 2038 1
371 2222 1
185 440 1
185 2451 1
185 1797 1
185 69 1
185 2498 1
185 554 1
185 1453 1
185 279 1
185 1723 1
185 23 1
1680 2254 1
1680 896 1
1680 345 1
1680 1277 1
2155 895 1
2155 1022 1
2155 178 1
2155 585 1
2155 2465 1
883 528 1
883 2242 1
883 906 1
883 338 1
229 896 1
229 2491 1
2274 1708 1
2274 884 1
2274 1947 1
1196 246 1
1196 2628 1
1196 912 1
1196 2568 1
1196 2415 1
1196 1113 1
1196 1784 1
1196 1423 1
1196 1818 1
1196 1457 1
2309 1394 1
2309 199 1
1338 2062 1
1338 762 1
1338 144 1
1338 2153 1
1338 2445 1
1338 71 1
1338 126 1
1338 17 1
1338 1348 1
1338 1000 1
1338 2169 1
2287 1311 1
2287 2065 1
2287 518 1
2287 2561 1
2287 500 1
2287 1353 1
2287 1446 1
2287 1846 1
1629 246 1
1629 2179 1
1629 1942 1
1629 1845 1
773 1654 1
773 433 1
773 246 1
773 2631 1
773 1999 1
773 1119 1
773 2341 1
773 2214 1
1280 2084 1
150 372 1
150 2434 1
150 518 1
150 1609 1
150 94 1
150 1038 1
150 2396 1
150 267 1
150 1792 1
150 530 1
150 2041 1
150 301 1
150 126 1
150 358 1
150 2003 1
150 192 1
150 952 1
150 645 1
162 388 1
2203 1242 1
1635 1297 1
1635 1492 1
1635 17 1
1635 751 1
1635 2371 1
1635 2017 1
1635 805 1
1635 1148 1
1635 1826 1
1635 807 1
1635 2520 1
2464 841 1
2464 1294 1
2464 2089 1
2464 1830 1
2595 2694 1
1904 587 1
1904 941 1
603 1564 1
603 246 1
603 88 1
603 1394 1
603 658 1
78 1829 1
78 1025 1
2348 2525 1
2348 526 1
2348 1817 1
2348 123 1
2348 1723 1
1375 842 1
1375 1694 1
1375 1480 1
505 1350 1
505 2005 1
834 1488 1
142 2028 1
142 1109 1
142 1449 1
142 2635 1
1278 568 1
2339 202 1
2286 1819 1
2286 450 1
576 629 1
576 1345 1
576 372 1
576 1545 1
576 1357 1
576 1842 1
576 402 1
576 2532 1
576 1559 1
576 790 1
576 141 1
576 2631 1
576 735 1
576 1625 1
576 2420 1
576 2133 1
576 183 1
576 2361 1
576 1919 1
576 2333 1
576 2563 1
576 49 1
576 1784 1
576 1546 1
576 281 1
576 811 1
576 2105 1
576 1053 1
576 2371 1
576 1811 1
576 1187 1
576 264 1
429 1977 1
429 1979 1
2330 1328 1
1907 2476 1
2410 1564 1
2410 2060 1
1814 416 1
1814 1555 1
1814 54 1
1814 500 1
1814 2586 1
1814 319 1
1814 941 1
1814 1846 1
789 2144 1
789 203 1
789 246 1
789 171 1
789 699 1
789 806 1
789 2239 1
789 470 1
789 2250 1
789 1910 1
789 316 1
2605 1108 1
1219 1853 1
1995 246 1
1995 2191 1
1995 1269 1
1995 730 1
1995 1964 1
202 1886 1
202 2661 1
202 131 1
202 896 1
2565 1999 1
1123 372 1
1123 2461 1
1865 922 1
2574 2367 1
1492 2636 1
1492 1502 1
1492 17 1
1492 751 1
1492 2017 1
1492 805 1
1492 1148 1
1492 1826 1
1492 807 1
1492 2520 1
802 1800 1
289 1092 1
2268 372 1
2268 1234 1
2268 240 1
2268 256 1
2268 1075 1
2268 185 1
2268 554 1
2268 1551 1
2268 2488 1
2268 145 1
2268 1211 1
189 1861 1
189 246 1
189 1580 1
189 1784 1
189 555 1
2042 1658 1
2042 1444 1
2042 757 1
707 626 1
2297 1247 1
2523 144 1
2523 991 1
2523 1481 1
2523 2500 1
1020 1599 1
1020 1903 1
1533 1440 1
1533 2010 1
1932 89 1
1932 2172 1
1932 1877 1
1932 2566 1
1932 803 1
898 179 1
898 1749 1
898 2425 1
1690 629 1
1690 866 1
1690 1988 1
1690 635 1
126 2153 1
1326 1260 1
1326 246 1
1326 877 1
702 961 1
702 1382 1
2046 2351 1
2046 260 1
2046 235 1
2046 1881 1
72 2009 1
72 319 1
72 941 1
72 544 1
72 1648 1
72 2231 1
72 2280 1
1112 367 1
1112 1747 1
1112 895 1
1112 247 1
1112 246 1
1112 896 1
1112 208 1
1112 1985 1
1112 183 1
1112 700 1
1112 715 1
1112 993 1
1112 643 1
1112 1279 1
1112 829 1
1112 793 1
1112 1939 1
1112 313 1
1112 2641 1
85 246 1
85 1818 1
832 1578 1
832 530 1
832 1407 1
832 1784 1
832 1968 1
832 1546 1
832 658 1
1490 895 1
1490 1485 1
1490 1749 1
1490 1113 1
475 2131 1
2571 1999 1
2571 1987 1
2571 2465 1
492 2184 1
492 1626 1
492 1117 1
80 90 1
80 1151 1
1079 175 1
1079 803 1
1079 557 1
1079 158 1
993 643 1
993 829 1
993 1939 1
1100 2547 1
1100 1191 1
1100 1046 1
1100 1145 1
2494 794 1
2494 436 1
1427 895 1
1427 246 1
1427 1331 1
1427 1418 1
2303 906 1
2303 944 1
2303 892 1
2303 1494 1
2303 2371 1
90 679 1
90 1151 1
381 1370 1
381 1525 1
1146 120 1
2428 1336 1
2428 1944 1
2428 19 1
1044 319 1
1513 832 1
365 1078 1
365 436 1
365 1263 1
618 1247 1
618 196 1
618 225 1
618 2624 1
1516 1518 1
24 2661 1
24 2186 1
24 745 1
772 2532 1
772 246 1
772 730 1
772 2071 1
1876 1545 1
1876 2400 1
1876 1667 1
1876 213 1
1876 932 1
1876 1412 1
1876 1481 1
1876 1354 1
1876 1694 1
1876 2615 1
784 144 1
784 32 1
784 275 1
784 1155 1
784 397 1
784 321 1
2537 367 1
2537 1887 1
2537 1645 1
2229 1250 1
2229 94 1
2229 1737 1
2229 952 1
2229 453 1
2229 1115 1
1821 8 1
1821 1882 1
32 144 1
32 569 1
1831 1249 1
1831 1408 1
1831 477 1
1831 1699 1
2282 2023 1
2282 353 1
2282 1515 1
2282 1341 1
2335 1461 1
2335 17 1
2706 2624 1
2566 1902 1
2566 2172 1
2566 246 1
2566 228 1
2566 1816 1
58 8 1
562 1382 1
562 1028 1
2314 1887 1
2314 2445 1
2314 871 1
2314 952 1
887 489 1
2632 770 1
2632 413 1
1059 1555 1
1059 1054 1
1059 1207 1
1059 2586 1
1059 319 1
1059 941 1
1059 1846 1
1059 1586 1
2178 822 1
456 144 1
456 905 1
456 2150 1
816 2647 1
816 267 1
816 2604 1
816 1860 1
816 1153 1
816 696 1
1088 2110 1
1088 2464 1
1868 1091 1
1868 1064 1
1868 1395 1
753 511 1
753 74 1
753 431 1
1528 1281 1
1528 245 1
1528 421 1
1528 2298 1
1528 1216 1
1528 612 1
1528 918 1
1528 2082 1
2646 2091 1
2646 246 1
2646 1999 1
2646 36 1
2646 1784 1
2646 645 1
2646 346 1
1581 1091 1
643 715 1
2208 2355 1
242 2559 1
242 891 1
242 2283 1
242 526 1
242 214 1
242 1679 1
449 1755 1
449 2128 1
449 413 1
496 1887 1
1909 896 1
1909 2341 1
1909 470 1
108 895 1
108 246 1
108 2606 1
108 1394 1
108 2186 1
108 1264 1
108 1818 1
1461 1678 1
1461 1487 1
1461 2241 1
1461 1428 1
1461 1441 1
1461 807 1
1461 1372 1
272 2277 1
738 1848 1
1626 246 1
1626 1018 1
1626 2458 1
1350 8 1
1350 2005 1
2475 2239 1
2341 246 1
2341 1444 1
2341 588 1
2341 2465 1
561 1508 1
561 30 1
2340 340 1
2340 1910 1
1717 774 1
1717 1771 1
1370 1310 1
1370 1965 1
1370 1791 1
1370 2014 1
1370 2344 1
1370 1000 1
382 924 1
1394 2616 1
1394 1818 1
172 2073 1
172 1161 1
172 914 1
172 237 1
172 1528 1
172 952 1
1117 110 1
1117 1091 1
1117 1247 1
1117 2184 1
1117 275 1
1117 1337 1
1117 645 1
1622 1617 1
1655 895 1
1655 246 1
1655 1650 1
1655 1207 1
1655 585 1
1655 2558 1
614 1317 1
614 650 1
2675 888 1
2579 2614 1
2392 2301 1
2392 2576 1
2392 2224 1
2392 2408 1
1198 2403 1
1198 1697 1
1198 1542 1
2491 1091 1
2491 896 1
2491 260 1
2491 2156 1
2491 952 1
2491 628 1
2491 2224 1
1071 246 1
1071 896 1
1071 334 1
1071 354 1
1071 2276 1
1606 225 1
2688 1310 1
2688 528 1
2688 144 1
2688 1860 1
2688 1141 1
2688 260 1
2688 2239 1
2688 696 1
2688 952 1
2688 2521 1
709 2695 1
1547 55 1
1547 246 1
1547 1784 1
1547 1264 1
1547 986 1
1547 1818 1
11 1052 1
2193 580 1
1642 142 1
1279 2421 1
1279 896 1
1279 2536 1
1279 1127 1
1279 952 1
1279 2534 1
2381 629 1
2381 372 1
2381 771 1
2381 2199 1
2381 246 1
2381 80 1
2381 1784 1
2381 2186 1
2381 1404 1
957 179 1
957 2705 1
957 1119 1
434 523 1
434 363 1
2342 1848 1
2342 225 1
2031 372 1
2031 1541 1
2031 242 1
2031 891 1
2031 2283 1
2031 526 1
2031 214 1
2031 1679 1
2570 103 1
1209 1631 1
1209 1860 1
1209 754 1
1209 1600 1
69 440 1
69 1797 1
69 537 1
69 1453 1
69 23 1
82 2045 1
82 2142 1
2214 1565 1
1731 1347 1
1731 1497 1
1731 1159 1
257 1999 1
257 1307 1
1189 1388 1
1189 968 1
1189 937 1
1189 2443 1
858 2167 1
2548 22 1
2548 1068 1
1199 1397 1
1199 2094 1
1199 2315 1
1199 2689 1
1327 896 1
829 43 1
829 715 1
829 643 1
829 1939 1
829 313 1
829 1683 1
829 608 1
829 2641 1
2233 302 1
1126 1065 1
1815 527 1
1815 2078 1
1815 2518 1
512 1848 1
512 630 1
512 745 1
512 2424 1
331 1317 1
331 2647 1
331 630 1
331 1247 1
331 1134 1
331 2239 1
331 890 1
331 2003 1
200 1700 1
1837 896 1
1837 2485 1
1837 1887 1
1837 1617 1
1837 1412 1
1837 2239 1
1837 1119 1
1837 892 1
1837 952 1
779 2027 1
785 1367 1
1150 40 1
2642 2701 1
2642 1696 1
2642 246 1
2642 1249 1
2642 2054 1
2642 1408 1
2642 1831 1
2642 23 1
2642 477 1
2642 1699 1
892 2623 1
892 771 1
892 895 1
892 1445 1
892 567 1
892 821 1
892 608 1
560 1317 1
378 572 1
378 1617 1
378 2282 1
378 199 1
933 922 1
120 1896 1
889 2182 1
2173 676 1
1852 2632 1
1852 2371 1
585 771 1
585 2631 1
585 1763 1
585 892 1
585 2391 1
585 2182 1
585 730 1
585 821 1
585 981 1
585 2558 1
74 1260 1
74 1786 1
74 760 1
74 767 1
74 2286 1
74 2003 1
74 748 1
74 1910 1
74 199 1
2481 586 1
2481 1011 1
2481 41 1
2499 94 1
2499 2199 1
2499 267 1
2499 1887 1
2499 1153 1
2499 1553 1
2499 952 1
2499 199 1
1640 2167 1
1937 897 1
1937 1599 1
1937 2034 1
1937 1910 1
1937 608 1
1377 2144 1
1377 896 1
1377 2389 1
1377 115 1
1377 952 1
1495 895 1
721 223 1
721 1806 1
721 2192 1
861 2532 1
861 1572 1
129 630 1
129 696 1
129 645 1
2120 1782 1
2654 107 1
2003 1109 1
2003 16 1
2003 1161 1
2003 588 1
2003 275 1
2003 1406 1
1387 2409 1
1387 745 1
1387 852 1
2678 594 1
2678 1111 1
2678 1134 1
2678 2003 1
2678 1910 1
1685 1032 1
893 88 1
893 217 1
1621 896 1
1621 2463 1
941 2065 1
941 1054 1
941 2009 1
941 1563 1
941 319 1
941 1846 1
941 2231 1
941 2311 1
941 389 1
941 2225 1
941 2280 1
1939 247 1
1939 715 1
1939 643 1
1939 952 1
1939 2457 1
1939 1683 1
1939 2641 1
1323 408 1
1323 1582 1
1323 1429 1
2288 176 1
216 144 1
216 1887 1
216 1645 1
1291 2111 1
544 1917 1
544 1958 1
544 1054 1
544 2009 1
544 319 1
544 941 1
544 2391 1
544 1648 1
544 730 1
544 2231 1
1820 2647 1
235 367 1
235 144 1
235 2346 1
235 1887 1
2088 114 1
2118 1016 1
2118 1988 1
2118 394 1
1669 1887 1
1669 2619 1
1669 1645 1
1040 344 1
1040 1345 1
1040 1310 1
1040 2501 1
1040 616 1
1040 895 1
1040 2199 1
1040 2239 1
1040 1784 1
1040 585 1
1040 793 1
1040 2182 1
1040 266 1
1040 1659 1
1040 2465 1
1040 2183 1
2559 2031 1
2559 891 1
2559 2283 1
2559 526 1
2559 214 1
2559 1679 1
736 1310 1
736 225 1
736 319 1
2277 94 1
2277 2341 1
2277 1309 1
636 246 1
636 2568 1
636 1784 1
636 227 1
1549 2391 1
1549 730 1
1719 1593 1
1719 1111 1
2157 1666 1
2694 1317 1
2694 567 1
2694 1378 1
2391 730 1
2122 182 1
2474 144 1
2474 1887 1
2474 470 1
891 2283 1
891 526 1
891 214 1
891 1679 1
116 1747 1
116 43 1
116 313 1
1046 1248 1
1046 2445 1
1686 610 1
1686 1784 1
999 1885 1
999 8 1
999 1553 1
999 2386 1
975 528 1
975 1336 1
975 1848 1
975 251 1
975 906 1
975 892 1
1836 234 1
317 1415 1
2238 2544 1
2238 1091 1
1110 896 1
1110 1864 1
1110 1690 1
410 961 1
410 654 1
1575 1518 1
1575 2676 1
1575 1316 1
2498 64 1
2498 1345 1
2498 372 1
2498 2199 1
2498 440 1
2498 1709 1
2498 1017 1
2498 554 1
2498 23 1
2363 246 1
1897 2445 1
1770 895 1
1770 246 1
1770 2631 1
1770 500 1
1770 85 1
1770 1784 1
1770 892 1
1770 1832 1
1017 1444 1
546 1698 1
238 1000 1
238 1818 1
238 2276 1
1145 2207 1
1145 1191 1
1145 225 1
1145 2075 1
2192 1806 1
2589 2341 1
2589 588 1
2364 2445 1
2364 1784 1
2364 730 1
2364 1139 1
2364 426 1
1171 1973 1
1171 2383 1
1171 1748 1
1760 2217 1
1760 2695 1
952 1485 1
952 2199 1
952 820 1
952 246 1
952 896 1
952 2496 1
952 1798 1
952 1617 1
952 2624 1
952 1398 1
952 2341 1
952 1655 1
952 192 1
952 2564 1
952 50 1
952 199 1
952 1213 1
1554 2234 1
2182 1036 1
2182 36 1
2182 227 1
2316 144 1
2316 456 1
1839 1332 1
1839 1357 1
1839 402 1
1839 246 1
1839 2568 1
1839 183 1
1839 1784 1
1839 299 1
1839 2318 1
550 2065 1
550 285 1
550 416 1
550 54 1
550 500 1
550 2287 1
550 2358 1
550 1846 1
1429 2199 1
534 726 1
534 37 1
534 1727 1
1128 1345 1
1128 895 1
1128 2199 1
1128 246 1
1128 2632 1
1128 1784 1
1128 1852 1
1128 585 1
1128 2186 1
1128 536 1
1128 1273 1
1128 751 1
1128 815 1
1128 986 1
1128 1818 1
1128 2558 1
970 1317 1
970 353 1
970 1784 1
1359 246 1
1359 293 1
1359 2060 1
2032 2144 1
2032 2705 1
2032 896 1
2032 1382 1
2032 1887 1
2032 952 1
427 2501 1
427 2199 1
427 246 1
427 394 1
427 1919 1
427 585 1
427 811 1
427 457 1
1041 896 1
1041 1130 1
1041 844 1
1039 481 1
1039 1395 1
261 2656 1
261 1307 1
261 1922 1
261 401 1
261 357 1
1511 225 1
1208 1887 1
2671 1641 1
2671 440 1
2671 408 1
2671 1791 1
2671 2451 1
2671 185 1
2671 1119 1
2671 1709 1
2671 2498 1
2671 554 1
2671 23 1
1648 2009 1
1648 1920 1
1648 319 1
1648 2280 1
227 528 1
227 1556 1
227 36 1
905 144 1
2216 2249 1
2216 763 1
2216 1262 1
2216 1369 1
2216 1753 1
2216 1284 1
2216 767 1
2216 2649 1
2216 1299 1
2216 2444 1
2216 306 1
2216 2613 1
2216 2369 1
2216 2412 1
2216 2334 1
2216 668 1
2216 1783 1
2216 1874 1
2216 2466 1
2216 1520 1
2250 312 1
2250 246 1
2250 1765 1
2250 271 1
1286 2544 1
1286 1091 1
1286 2385 1
2576 1345 1
2576 2501 1
2576 246 1
2576 1951 1
2576 2224 1
2576 2408 1
769 1625 1
769 2374 1
769 613 1
769 1244 1
226 92 1
226 2239 1
226 1159 1
748 641 1
748 513 1
748 431 1
748 2669 1
748 2106 1
748 1159 1
748 880 1
748 693 1
729 233 1
729 1485 1
729 1018 1
729 192 1
729 730 1
729 1032 1
1569 1425 1
1177 1540 1
1177 315 1
1177 990 1
1177 1849 1
1177 2273 1
2100 55 1
2100 1847 1
1190 374 1
1807 592 1
1807 1784 1
1807 1325 1
2124 942 1
2325 246 1
2325 1788 1
1220 2194 1
1220 1723 1
384 960 1
384 37 1
1729 287 1
2283 1541 1
2283 1174 1
2283 1482 1
2283 526 1
2283 214 1
2283 1679 1
1866 629 1
1866 2251 1
1866 2253 1
1866 2199 1
1866 996 1
1866 2301 1
1866 65 1
1866 2124 1
1866 309 1
1866 1989 1
1866 2211 1
1866 2224 1
1849 810 1
1849 398 1
1849 1152 1
1849 1884 1
1849 1534 1
1069 1881 1
2294 895 1
2294 246 1
2294 2631 1
2294 2598 1
2294 525 1
1702 2406 1
1702 128 1
1702 318 1
1702 1432 1
1301 382 1
377 2614 1
902 2315 1
902 2689 1
983 616 1
983 1465 1
983 1317 1
983 2705 1
983 2631 1
983 1617 1
983 225 1
983 126 1
983 892 1
983 2564 1
983 2465 1
983 199 1
2500 2647 1
994 2501 1
994 2076 1
1137 1345 1
1137 1593 1
1137 2199 1
1137 2596 1
2048 1848 1
2048 1582 1
2048 1247 1
2048 1412 1
2048 22 1
2048 1058 1
2048 37 1
2048 651 1
2048 1989 1
2048 1663 1
2378 507 1
2378 219 1
2378 1594 1
2511 2276 1
137 8 1
368 144 1
368 1887 1
368 1645 1
1093 695 1
658 367 1
658 1345 1
658 895 1
658 1910 1
658 730 1
658 1523 1
658 1385 1
658 2025 1
658 145 1
350 1684 1
350 2591 1
1132 222 1
1132 1879 1
2564 199 1
214 980 1
214 1825 1
214 149 1
214 794 1
214 2670 1
214 1113 1
214 526 1
214 1679 1
1423 1396 1
1423 1215 1
1423 2593 1
1423 991 1
1423 896 1
1423 912 1
1423 225 1
1423 2286 1
1423 1655 1
1423 1457 1
2198 1627 1
138 1509 1
138 962 1
138 2253 1
138 1413 1
138 711 1
138 1528 1
138 2465 1
138 2698 1
2070 569 1
2070 32 1
1270 2341 1
460 1310 1
460 2093 1
460 2199 1
460 246 1
460 1394 1
460 1084 1
1269 2191 1
1269 730 1
1269 1964 1
1595 2091 1
1596 1738 1
1596 740 1
1596 246 1
1596 1394 1
1596 2452 1
1596 1818 1
1426 244 1
1426 330 1
1426 1862 1
1426 1360 1
2086 2572 1
2086 1786 1
2086 96 1
575 1524 1
575 2341 1
1439 2199 1
1439 1979 1
1439 5 1
2510 756 1
1653 1303 1
13 1700 1
2640 2002 1
2640 2552 1
2640 1000 1
497 405 1
497 1966 1
497 1861 1
497 1887 1
497 1784 1
497 176 1
497 462 1
497 498 1
497 1505 1
497 1457 1
1910 1946 1
1910 1311 1
1910 1587 1
1910 1796 1
1910 2036 1
1910 1066 1
1910 1351 1
1910 1775 1
1910 1134 1
1910 1119 1
1910 1857 1
1910 90 1
1910 1322 1
1910 2003 1
1910 2364 1
1910 1118 1
1910 580 1
1910 2227 1
1910 2681 1
1910 608 1
1910 152 1
1167 809 1
1167 228 1
1233 1255 1
2673 2323 1
2673 1355 1
2673 2154 1
2673 2362 1
2673 1118 1
2673 357 1
2682 787 1
1568 1141 1
1263 319 1
1263 2635 1
1263 2231 1
759 2135 1
759 1038 1
759 267 1
759 1481 1
1921 2180 1
1921 2194 1
2160 372 1
2160 1540 1
2160 446 1
2160 876 1
2160 315 1
2160 1908 1
2160 1661 1
2160 990 1
2160 1972 1
2160 82 1
2160 198 1
2160 1809 1
1652 1462 1
1652 2308 1
1652 1275 1
1652 445 1
2273 2587 1
2273 1884 1
2273 1534 1
121 2220 1
121 1506 1
121 1942 1
121 2433 1
121 814 1
121 653 1
121 2312 1
2186 895 1
2186 2199 1
2186 246 1
2186 1473 1
2186 2606 1
2186 1394 1
2186 111 1
2186 952 1
2186 1264 1
2186 815 1
2186 986 1
2186 1818 1
1884 1608 1
1884 2138 1
1884 1152 1
1884 1534 1
1309 246 1
978 147 1
978 2429 1
978 246 1
978 1389 1
978 39 1
978 1962 1
2635 246 1
2635 56 1
2635 2586 1
2635 319 1
2635 1784 1
2635 941 1
2635 952 1
2635 1449 1
2635 1614 1
2635 557 1
2635 34 1
2635 2311 1
1833 1108 1
1833 1725 1
73 2437 1
73 1590 1
73 2622 1
73 1561 1
73 1119 1
73 2192 1
73 2625 1
2257 1889 1
2257 1673 1
2257 822 1
2257 1523 1
2257 1385 1
2257 2025 1
2257 1204 1
2358 416 1
2358 1814 1
1188 345 1
259 726 1
259 136 1
259 2625 1
259 1496 1
276 637 1
1627 372 1
1627 1080 1
1627 2562 1
1614 1449 1
1614 2311 1
2680 437 1
967 2205 1
967 2291 1
1602 838 1
1602 1508 1
1602 1966 1
1602 2253 1
1602 1468 1
1602 1732 1
1602 1735 1
1602 2631 1
1602 1887 1
1602 942 1
1602 224 1
1602 585 1
1602 2140 1
1043 1887 1
1043 1617 1
1043 258 1
1043 373 1
1043 1973 1
1043 199 1
1043 2067 1
567 1253 1
567 342 1
567 1105 1
2478 1358 1
2478 2362 1
1149 895 1
1149 1887 1
1149 1645 1
670 2289 1
670 941 1
670 557 1
670 750 1
2024 1345 1
2024 372 1
2024 2501 1
2024 2301 1
2024 1444 1
2024 2491 1
2024 1565 1
2024 2224 1
1217 2062 1
1217 372 1
1217 2501 1
1217 616 1
1217 144 1
1217 2532 1
1217 1091 1
1217 2199 1
1217 2301 1
1217 1444 1
1217 2445 1
1217 1014 1
1217 1338 1
1217 2491 1
1217 2382 1
1217 952 1
1217 588 1
1217 745 1
1217 742 1
1217 1565 1
1217 1000 1
1217 2224 1
326 25 1
1455 329 1
1455 2116 1
613 1091 1
613 1625 1
613 90 1
613 2034 1
613 2003 1
613 1910 1
2304 2705 1
2304 1247 1
2304 519 1
2304 2277 1
2304 1309 1
515 246 1
515 152 1
2074 246 1
2074 1028 1
298 1210 1
298 2276 1
1169 372 1
1169 440 1
1169 0 1
1169 185 1
1169 2003 1
1169 537 1
1169 1453 1
1169 23 1
1264 246 1
1264 585 1
1264 1818 1
1264 1772 1
2515 1617 1
2515 2282 1
2515 2182 1
2515 2614 1
2515 199 1
867 2424 1
867 1973 1
1003 2083 1
1003 577 1
40 66 1
2296 830 1
2296 952 1
2022 2341 1
2022 1867 1
239 2329 1
1858 1999 1
1858 793 1
1273 1345 1
1273 372 1
1273 1925 1
1273 246 1
1273 1979 1
1273 2445 1
265 1054 1
265 54 1
265 2586 1
265 2231 1
2446 855 1
822 1673 1
822 1523 1
615 1567 1
292 1530 1
292 18 1
292 1063 1
292 1818 1
1930 1119 1
640 896 1
640 1185 1
411 1535 1
1115 2147 1
2388 251 1
2388 1353 1
2388 225 1
2388 2632 1
2388 1394 1
2388 1784 1
2388 986 1
2388 1818 1
2388 1681 1
2388 2318 1
2388 1031 1
1446 1307 1
1446 1863 1
1168 971 1
423 269 1
423 512 1
423 2170 1
1551 1234 1
1551 1075 1
1551 225 1
1551 185 1
1551 1784 1
1551 2391 1
1551 554 1
1551 730 1
1551 2614 1
1551 2488 1
1551 145 1
2560 1265 1
2560 1902 1
2560 2172 1
2560 2367 1
2560 1704 1
2560 1877 1
2560 809 1
2560 685 1
2560 2657 1
2560 620 1
2560 688 1
39 586 1
271 246 1
271 2391 1
271 730 1
271 1330 1
2667 312 1
2667 203 1
2667 246 1
2667 171 1
2667 2250 1
2667 271 1
1846 518 1
1846 500 1
2241 2335 1
2241 1441 1
2241 807 1
2241 2520 1
2241 1372 1
41 1397 1
41 1823 1
41 1011 1
1576 2544 1
1576 1667 1
1576 1091 1
1576 2631 1
1576 2263 1
1576 2611 1
733 2693 1
733 1658 1
733 1444 1
733 1166 1
733 2341 1
733 107 1
733 1331 1
733 1477 1
733 1943 1
1418 2020 1
2395 646 1
2395 2624 1
2395 5 1
2483 2138 1
2483 500 1
2483 1515 1
2483 1394 1
2483 1622 1
2483 2186 1
2483 1818 1
2483 2558 1
714 246 1
714 2228 1
1494 987 1
1494 233 1
1494 408 1
1494 2147 1
1494 324 1
1494 906 1
1494 944 1
1494 1488 1
1494 1784 1
1494 892 1
1494 1910 1
1494 1858 1
1494 751 1
1494 1000 1
730 503 1
730 2526 1
293 1345 1
293 286 1
293 1732 1
293 2003 1
2465 572 1
2465 372 1
2465 1111 1
2465 1134 1
537 440 1
537 1453 1
537 23 1
1182 2633 1
1182 1438 1
442 572 1
369 892 1
1156 1185 1
1156 365 1
1156 23 1
268 388 1
211 2660 1
211 154 1
211 1388 1
211 992 1
211 60 1
211 390 1
211 2212 1
1873 246 1
1873 1183 1
2643 118 1
2643 708 1
2643 1979 1
751 1999 1
751 2063 1
751 125 1
751 1398 1
751 17 1
751 2017 1
751 2704 1
751 2558 1
751 805 1
751 1148 1
751 1826 1
751 807 1
751 2520 1
2516 1310 1
2516 404 1
2516 1644 1
2516 2705 1
2516 267 1
2516 1999 1
2516 150 1
2516 1119 1
2516 585 1
2516 2003 1
2187 51 1
2362 246 1
516 394 1
516 493 1
1577 1027 1
1951 1345 1
1951 926 1
1951 2301 1
1951 2392 1
1951 2408 1
939 1229 1
939 1452 1
939 1119 1
939 1784 1
939 1414 1
2357 1317 1
651 1119 1
651 2610 1
698 1433 1
698 2037 1
114 794 1
114 1910 1
764 373 1
764 1114 1
764 1422 1
1048 2018 1
1048 1010 1
1048 837 1
209 909 1
209 1818 1
2502 1310 1
2502 246 1
2502 117 1
2502 1999 1
2502 1580 1
2502 225 1
2460 176 1
752 2355 1
752 2587 1
1853 2245 1
1853 1282 1
1853 123 1
821 2623 1
821 895 1
821 246 1
821 536 1
1025 979 1
1711 1886 1
1683 2573 1
1683 1747 1
1683 303 1
1683 304 1
1683 1292 1
1683 246 1
1683 1985 1
1683 183 1
1683 43 1
1683 700 1
1683 715 1
1683 1112 1
1683 993 1
1683 643 1
1683 1784 1
1683 313 1
1683 2641 1
296 854 1
296 2363 1
296 2490 1
589 2241 1
589 1428 1
589 1372 1
60 968 1
60 390 1
60 2212 1
1342 1517 1
1342 416 1
1342 1555 1
1342 2677 1
1342 1476 1
1342 2231 1
1342 2225 1
1342 2280 1
1742 1317 1
621 244 1
621 655 1
2672 611 1
2672 936 1
2672 791 1
2672 1758 1
2672 1992 1
2672 598 1
591 2528 1
591 2633 1
591 1317 1
591 434 1
591 363 1
1176 639 1
1176 2172 1
1176 1704 1
1176 809 1
1176 1049 1
1176 228 1
1176 685 1
1176 652 1
1176 1932 1
1176 1167 1
1176 1816 1
2452 744 1
2452 2223 1
2707 385 1
2707 203 1
1656 629 1
1656 2532 1
1656 246 1
1656 2298 1
1656 1999 1
1656 1784 1
1656 2186 1
1656 1043 1
1656 1264 1
1232 820 1
1232 1617 1
1232 1979 1
1688 251 1
1688 1784 1
1688 1818 1
1688 1681 1
1385 1371 1
1385 2199 1
1385 246 1
1385 1673 1
1385 1784 1
1385 445 1
1385 822 1
1385 1523 1
1385 2025 1
1385 1204 1
1385 145 1
1385 943 1
1743 1103 1
1743 1706 1
1743 2655 1
1743 159 1
1743 997 1
1743 1030 1
1743 1359 1
1743 2060 1
1743 2017 1
1743 2520 1
1783 1508 1
965 978 1
965 2503 1
457 1247 1
457 2341 1
457 1655 1
1612 144 1
1064 1593 1
503 2061 1
503 1001 1
503 38 1
503 2176 1
503 611 1
503 1225 1
503 1461 1
503 2241 1
503 1992 1
503 2672 1
503 2407 1
503 598 1
503 2480 1
503 1428 1
503 807 1
503 2520 1
503 1372 1
98 1238 1
2431 3 1
2431 109 1
607 246 1
2489 2253 1
2489 1801 1
2489 530 1
2669 865 1
2669 641 1
2669 1737 1
2669 513 1
2669 431 1
2669 880 1
968 372 1
968 154 1
968 288 1
968 2377 1
968 2391 1
968 730 1
968 211 1
968 2447 1
968 390 1
968 2443 1
968 2212 1
1712 1166 1
130 1081 1
622 372 1
622 1999 1
622 1111 1
622 890 1
622 1784 1
328 510 1
1713 2697 1
1713 2000 1
1713 488 1
1713 181 1
1713 738 1
1713 1784 1
1713 742 1
1713 1192 1
749 320 1
1057 2465 1
2185 1444 1
2185 2445 1
2185 1422 1
1477 938 1
701 2144 1
701 896 1
701 1887 1
465 379 1
465 588 1
1505 144 1
1505 1912 1
170 1628 1
170 246 1
170 2531 1
2151 1381 1
2151 2651 1
2151 774 1
2151 1108 1
2151 498 1
2447 1388 1
2447 390 1
2447 2443 1
2447 2212 1
981 895 1
981 1394 1
981 1495 1
981 2558 1
1139 426 1
2001 876 1
2001 1661 1
2001 1972 1
2001 82 1
2001 1884 1
2001 198 1
2001 1809 1
1470 1755 1
1470 2561 1
1470 1446 1
1104 1331 1
598 1001 1
598 611 1
598 2391 1
598 730 1
598 1992 1
598 2407 1
783 1194 1
783 2201 1
1871 1901 1
2227 392 1
2227 608 1
680 1887 1
2552 2002 1
2552 1000 1
1363 1161 1
1363 2255 1
833 1022 1
833 246 1
833 2356 1
1334 2347 1
1334 65 1
2681 2253 1
2681 896 1
2681 22 1
2681 2391 1
2681 732 1
2681 597 1
63 225 1
63 1784 1
63 2318 1
1000 1260 1
1000 2002 1
1000 381 1
1583 2501 1
1583 1128 1
2480 2061 1
2480 1336 1
2480 1001 1
2480 174 1
2480 791 1
2480 1992 1
458 585 1
458 2558 1
458 1994 1
2206 1317 1
2206 1170 1
2206 630 1
2206 1247 1
2206 1111 1
2206 1134 1
2206 260 1
2206 1481 1
2206 1153 1
2206 2341 1
2206 2214 1
2206 2003 1
2206 1043 1
2206 2465 1
487 623 1
487 120 1
375 2262 1
375 2003 1
1630 1247 1
1630 319 1
1630 2231 1
1535 2229 1
2368 345 1
2368 1757 1
2368 2391 1
2368 952 1
2368 730 1
2368 1911 1
2119 144 1
2119 1107 1
2119 1887 1
2119 1962 1
2089 2110 1
2089 841 1
2089 1294 1
1911 896 1
1911 345 1
1911 2484 1
1453 23 1
860 1344 1
860 2270 1
1361 1465 1
1361 2666 1
1361 1929 1
1361 424 1
2106 1838 1
2106 913 1
2106 641 1
2106 513 1
2106 431 1
2106 2669 1
2106 880 1
2106 693 1
620 639 1
620 2172 1
620 2367 1
620 809 1
620 228 1
620 685 1
620 652 1
620 221 1
620 1932 1
620 803 1
620 1816 1
2231 1920 1
2231 319 1
2231 2280 1
42 2092 1
42 942 1
1611 2147 1
1611 545 1
1611 1959 1
419 2199 1
217 1398 1
390 154 1
390 1091 1
390 1038 1
390 2377 1
390 1894 1
390 77 1
390 283 1
390 2443 1
390 2212 1
955 1747 1
955 1292 1
955 43 1
1666 1332 1
1666 1590 1
1666 859 1
2473 522 1
1802 2276 1
279 440 1
279 1797 1
279 69 1
279 1453 1
279 23 1
2265 203 1
2265 2250 1
2265 271 1
1186 896 1
1186 183 1
538 118 1
538 896 1
538 1515 1
538 275 1
538 1035 1
986 895 1
986 246 1
986 1784 1
986 1852 1
986 1264 1
986 1818 1
986 1832 1
1441 2636 1
1441 2176 1
1441 17 1
1441 589 1
1441 1428 1
1441 2017 1
1441 2704 1
1441 807 1
1441 2520 1
1441 1372 1
1400 287 1
1400 1010 1
1400 1381 1
1400 1861 1
1400 1945 1
1400 831 1
1400 2607 1
1400 1646 1
2017 1590 1
2017 1706 1
2017 159 1
2017 997 1
2017 17 1
2017 1428 1
2017 2060 1
2017 2704 1
2017 805 1
2017 1826 1
2017 807 1
661 246 1
661 1818 1
2599 372 1
2599 771 1
2599 2199 1
2599 2666 1
2599 1929 1
2599 424 1
2704 2060 1
2704 1089 1
2468 2341 1
801 1180 1
2488 372 1
2488 948 1
2488 185 1
2488 554 1
2488 145 1
2608 1180 1
2608 1795 1
2608 1887 1
2608 1467 1
2608 295 1
2608 414 1
2608 2478 1
583 750 1
1154 1391 1
2057 1074 1
2057 10 1
2057 373 1
922 1468 1
922 1861 1
922 1784 1
1878 1590 1
1878 1033 1
1878 360 1
1878 1037 1
1878 2286 1
1878 1819 1
1878 450 1
1646 1401 1
1646 2353 1
1646 1999 1
1646 2592 1
1646 856 1
1646 1300 1
1646 1651 1
76 2112 1
76 1109 1
940 1395 1
849 2469 1
123 2220 1
123 2525 1
123 2272 1
123 526 1
123 1817 1
123 1434 1
123 1679 1
2584 1109 1
2584 941 1
2584 2231 1
1586 1517 1
1586 1555 1
2558 2059 1
2558 1207 1
2558 758 1
2558 1490 1
2558 730 1
2558 23 1
2558 1994 1
34 1449 1
2121 2613 1
1645 144 1
2621 2482 1
2621 973 1
132 2108 1
805 1398 1
805 17 1
805 1148 1
805 1826 1
805 807 1
805 2520 1
1148 17 1
1148 2017 1
1148 2704 1
1148 1826 1
1148 807 1
1148 2520 1
1893 1153 1
925 713 1
1499 1784 1
1973 1670 1
1973 2286 1
1973 258 1
1973 373 1
1973 2533 1
1973 2067 1
880 1888 1
880 513 1
880 509 1
880 431 1
2165 1109 1
2165 1887 1
2165 1119 1
1365 1998 1
2224 1345 1
2224 372 1
2224 1900 1
2224 246 1
2224 2138 1
2224 2266 1
2224 1102 1
2224 2156 1
2224 890 1
2224 1784 1
2224 1546 1
2224 1093 1
2224 1951 1
2224 63 1
2224 2408 1
199 269 1
199 2289 1
199 2155 1
199 2282 1
364 892 1
364 536 1
1534 810 1
1534 1152 1
338 421 1
338 1342 1
338 2276 1
1434 2220 1
1434 2039 1
1434 2272 1
1434 2348 1
1434 526 1
1434 1817 1
2686 1690 1
2686 2118 1
593 2391 1
593 745 1
593 730 1
1425 1435 1
1425 94 1
1425 246 1
1425 2705 1
1425 896 1
1425 1553 1
1425 952 1
1425 2318 1
1425 1869 1
853 675 1
2664 606 1
2664 1206 1
2664 2507 1
1484 372 1
1484 2624 1
205 1887 1
205 1645 1
198 1608 1
198 1540 1
198 876 1
198 315 1
198 1908 1
198 1661 1
198 1972 1
198 225 1
198 1809 1
356 528 1
356 895 1
356 1091 1
356 2487 1
466 1317 1
466 1247 1
466 1617 1
466 2465 1
1491 2234 1
2676 1518 1
2676 2226 1
2676 2043 1
2676 1316 1
506 2179 1
506 61 1
506 2341 1
506 1455 1
716 373 1
2113 1398 1
1392 922 1
2145 422 1
1457 912 1
1457 1973 1
1557 2544 1
2534 700 1
2534 1112 1
2534 461 1
186 1997 1
186 724 1
186 976 1
1862 1999 1
1862 1135 1
1862 1247 1
1862 1935 1
1862 2533 1
2318 2647 1
2318 2632 1
2318 1784 1
2318 1910 1
81 1784 1
2169 2199 1
2169 2391 1
2169 730 1
835 1888 1
835 405 1
835 518 1
835 2531 1
835 2695 1
316 1728 1
2585 246 1
2585 273 1
1500 1848 1
1500 2409 1
1740 2587 1
1964 2191 1
1964 2391 1
1964 730 1
2696 2369 1
2696 1818 1
1204 1889 1
1204 1584 1
1204 1673 1
1204 822 1
1204 1523 1
1204 2025 1
1869 2437 1
51 1804 1
1258 246 1
1258 1955 1
2189 2302 1
1324 1397 1
1324 1247 1
1324 2094 1
1324 2315 1
1324 2689 1
927 2343 1
927 1904 1
927 327 1
1360 192 1
1741 906 1
1741 1737 1
1741 1677 1
1741 1760 1
1741 1679 1
366 1658 1
366 2093 1
366 246 1
366 896 1
366 220 1
366 1528 1
366 892 1
366 2391 1
1772 463 1
2311 1981 1
2503 246 1
2503 2143 1
1406 1886 1
704 246 1
704 2390 1
2007 1532 1
2007 894 1
2567 1460 1
2567 1591 1
1940 193 1
608 236 1
578 1247 1
578 1784 1
578 893 1
578 1064 1
578 217 1
2698 793 1
1255 896 1
1809 469 1
477 1699 1
2123 1062 1
2123 2454 1
778 84 1
778 225 1
2126 372 1
2126 1901 1
2126 2655 1
2126 2378 1
1826 2636 1
1826 807 1
1826 2520 1
145 1234 1
145 1859 1
145 1523 1
145 2025 1
1471 197 1
1471 11 1
1471 1052 1
1679 118 1
1679 336 1
1679 908 1
1679 1982 1
1679 1870 1
1679 1280 1
1679 2348 1
1679 2570 1
1679 526 1
1679 1405 1
1679 1858 1
1679 2281 1
1679 1434 1
1679 1957 1
2261 1381 1
2261 1945 1
2067 2286 1
2067 373 1
555 1305 1
555 1005 1
555 1861 1
555 246 1
555 2606 1
555 2632 1
555 1394 1
555 1818 1
1193 2501 1
1193 866 1
1193 795 1
1193 1988 1
1193 627 1
1193 1133 1
1193 1864 1
1193 1690 1
1748 2505 1
1748 1317 1
1748 1502 1
1748 17 1
1748 2383 1
1748 807 1
2393 847 1
2204 2355 1
1588 2144 1
1588 2034 1
1588 153 1
1588 2003 1
1649 2194 1
2443 154 1
2443 2377 1
2443 60 1
2443 2212 1
1367 45 1
682 1564 1
682 896 1
682 830 1
682 952 1
547 380 1
547 1126 1
547 319 1
547 1263 1
693 112 1
693 641 1
693 33 1
693 2445 1
693 513 1
693 431 1
693 2669 1
693 880 1
1244 1625 1
1244 2374 1
2641 1747 1
2641 1292 1
2641 246 1
2641 715 1
2641 993 1
2641 643 1
68 2035 1
68 1320 1
68 1401 1
68 1950 1
68 2592 1
68 309 1
68 1300 1
68 1651 1
68 1646 1
807 17 1
807 2520 1
1851 1038 1
1851 2230 1
1042 2167 1
2080 2167 1
2080 2647 1
2080 225 1
2080 858 1
812 2099 1
2317 767 1
2317 1980 1
2317 1743 1
1572 2062 1
1572 629 1
1572 1345 1
1572 372 1
1572 1886 1
1572 1842 1
1572 768 1
1572 1672 1
1572 777 1
1572 2144 1
1572 2532 1
1572 895 1
1572 2593 1
1572 1485 1
1572 1749 1
1572 725 1
1572 91 1
1572 2199 1
1572 896 1
1572 345 1
1572 2568 1
1572 2606 1
1572 500 1
1572 1282 1
1572 493 1
1572 225 1
1572 2536 1
1572 1737 1
1572 282 1
1572 2139 1
1572 2612 1
1572 439 1
1572 1153 1
1572 2632 1
1572 1671 1
1572 1394 1
1572 49 1
1572 1784 1
1572 892 1
1572 1852 1
1572 111 1
1572 952 1
1572 1093 1
1572 2186 1
1572 1765 1
1572 1115 1
1572 17 1
1572 751 1
1572 821 1
1572 1656 1
1572 2371 1
1572 815 1
1572 375 1
1572 2183 1
1572 1818 1
1572 199 1
1572 2071 1
1572 2318 1
1572 2393 1
1572 407 1
2408 1345 1
2408 246 1
2408 2301 1
2209 629 1
2209 1119 1
2209 1659 1
2212 2544 1
2212 154 1
2212 1091 1
2212 1388 1
2212 2377 1
2212 225 1
2212 656 1
407 1317 1
407 222 1
407 1132 1
407 2412 1
407 1395 1
1315 863 1
1315 1999 1
1315 1134 1
1315 225 1
1315 2034 1
1315 2131 1
1315 2003 1
1315 2372 1
1315 199 1
1414 1718 1
1414 1248 1
1414 1643 1
1414 2093 1
1414 489 1
1414 2236 1
1414 2199 1
1414 675 1
1414 481 1
1414 906 1
1414 1580 1
1414 225 1
1414 2612 1
1414 1581 1
1414 1784 1
1414 2182 1
1414 2576 1
1414 2371 1
1414 375 1
1414 1973 1
1414 338 1
1414 2318 1
1414 2408 1
2225 895 1
2225 2307 1
2225 1749 1
2225 2631 1
2225 1087 1
2225 1287 1
2225 1113 1
2225 585 1
2225 751 1
2225 458 1
2225 823 1
2225 2558 1
2225 1457 1
2225 1994 1
2280 1517 1
2280 1555 1
2280 100 1
2280 2009 1
2280 263 1
2280 319 1
2280 389 1
2280 2225 1
432 2512 1
432 1514 1
432 1887 1
432 1483 1
1372 2017 1
64 1641 1
2462 65 1
2462 1596 1
2262 2465 1
1747 1985 1
527 1260 1
527 1983 1
527 588 1
527 1973 1
527 1421 1
1345 725 1
1345 210 1
1345 2549 1
372 895 1
372 493 1
372 1929 1
372 506 1
2065 285 1
2065 1059 1
2065 2225 1
1368 1128 1
1180 2015 1
1180 1467 1
1180 1318 1
1180 414 1
1180 2412 1
2501 2326 1
616 979 1
616 745 1
616 2326 1
528 310 1
528 1421 1
1517 1555 1
1517 1059 1
1517 2225 1
404 391 1
404 90 1
404 2341 1
404 2034 1
404 373 1
404 1910 1
404 1043 1
404 199 1
404 608 1
404 1421 1
1002 2188 1
1002 79 1
1923 1444 1
1521 896 1
1917 263 1
55 2059 1
55 485 1
55 1847 1
55 2465 1
232 1352 1
2167 889 1
304 2180 1
304 2465 1
2580 1421 1
474 380 1
474 1126 1
1540 1972 1
1540 82 1
988 2242 1
2083 1976 1
2083 439 1
2083 2364 1
1584 1938 1
1584 952 1
1641 2445 1
1975 1380 1
444 420 1
1933 896 1
1933 815 1
2234 1000 1
2683 824 1
2305 2387 1
2305 2478 1
2532 1444 1
2532 2404 1
2532 199 1
2061 1001 1
2061 611 1
2061 1207 1
2061 174 1
2061 467 1
2061 1770 1
2061 730 1
2061 1992 1
2061 170 1
2061 598 1
1459 808 1
1459 1765 1
1459 1421 1
551 2152 1
551 1256 1
551 284 1
2639 1271 1
2639 2387 1
2639 241 1
2188 48 1
2188 1444 1
2188 1972 1
2188 1871 1
1983 536 1
2242 1671 1
2242 2117 1
2307 397 1
2593 506 1
734 1421 1
2148 100 1
2148 1476 1
1302 11 1
1001 269 1
1001 730 1
1001 1992 1
507 1858 1
403 1015 1
403 1389 1
403 2664 1
403 2507 1
403 1 1
1381 2029 1
454 2262 1
454 510 1
454 895 1
454 1547 1
454 2186 1
454 536 1
454 1264 1
454 986 1
1730 2341 1
1730 49 1
1733 1562 1
2422 1421 1
1883 1099 1
2162 1942 1
2633 1353 1
2633 2397 1
2375 952 1
1082 394 1
1082 1973 1
869 245 1
869 2658 1
869 1724 1
473 895 1
473 536 1
308 1875 1
308 1444 1
308 1562 1
308 588 1
308 101 1
308 2127 1
1448 65 1
706 639 1
706 2172 1
706 2367 1
706 1049 1
706 679 1
706 2350 1
706 652 1
706 1167 1
706 620 1
706 688 1
706 1748 1
1631 373 1
1631 2327 1
1631 2465 1
1631 1853 1
1631 1421 1
1066 1228 1
1066 520 1
1066 1834 1
1066 608 1
2665 677 1
2665 2003 1
2665 1910 1
2665 1421 1
722 2581 1
722 671 1
722 2239 1
722 890 1
722 1910 1
1905 2404 1
1905 1963 1
314 1008 1
314 2549 1
314 1627 1
408 1429 1
611 800 1
611 1001 1
611 174 1
611 1758 1
611 1736 1
611 1770 1
611 2182 1
611 1992 1
611 751 1
611 2407 1
611 2480 1
611 1826 1
611 1832 1
611 1372 1
2602 1092 1
2602 2060 1
1174 242 1
2367 2172 1
2367 1877 1
2367 685 1
2367 688 1
2367 1421 1
1861 207 1
1861 916 1
1861 1591 1
416 285 1
416 1555 1
416 2287 1
416 2225 1
2705 730 1
2705 490 1
600 447 1
600 2478 1
1875 1099 1
1875 101 1
1555 2677 1
435 2028 1
435 380 1
435 1126 1
435 187 1
1574 2162 1
1574 910 1
1574 2465 1
1701 97 1
817 1124 1
14 2489 1
149 2214 1
657 895 1
657 2593 1
657 1207 1
657 2058 1
657 2117 1
657 1527 1
501 283 1
1950 1373 1
1950 307 1
1950 1478 1
1950 1060 1
1950 895 1
1950 322 1
1950 851 1
1950 1073 1
1950 413 1
1950 974 1
1950 831 1
1950 269 1
1950 2072 1
1950 2668 1
1950 916 1
1950 846 1
1950 2616 1
1950 1321 1
1950 1680 1
1950 2553 1
1950 1297 1
1950 1119 1
1950 1289 1
1950 956 1
1950 2592 1
1950 2345 1
1950 97 1
1950 1967 1
1950 1765 1
1950 826 1
1950 1914 1
1950 1651 1
1950 1646 1
1950 284 1
1950 2459 1
1221 485 1
2055 895 1
2055 2624 1
2055 2341 1
2055 2186 1
2055 745 1
1254 1119 1
1254 1511 1
566 1985 1
596 1628 1
596 2684 1
1880 502 1
156 1467 1
156 2412 1
61 889 1
61 2364 1
1432 916 1
374 1322 1
374 2321 1
2258 745 1
1661 1910 1
2210 536 1
277 211 1
500 1395 1
500 807 1
2228 2391 1
2228 730 1
2228 1955 1
387 588 1
757 2404 1
182 2364 1
182 313 1
1695 1853 1
920 745 1
1617 64 1
1617 2279 1
1617 529 1
1617 440 1
1617 1791 1
1617 2451 1
1617 1076 1
1617 2670 1
1617 858 1
1617 554 1
1617 689 1
1617 23 1
1617 2577 1
2149 2407 1
301 510 1
301 895 1
2087 2301 1
2087 467 1
2087 1189 1
2087 1805 1
1087 1518 1
1065 2003 1
196 1092 1
196 1753 1
196 478 1
196 663 1
196 2044 1
196 37 1
196 2060 1
196 1486 1
196 1421 1
376 1537 1
2213 249 1
2213 1902 1
2213 93 1
2213 2484 1
2213 1474 1
2213 2643 1
2213 803 1
552 278 1
552 721 1
1518 2226 1
1518 1236 1
1518 1316 1
1097 730 1
1860 2404 1
916 1401 1
916 2670 1
916 2592 1
916 2465 1
916 1300 1
916 1646 1
1972 1608 1
1972 1835 1
1972 2364 1
525 895 1
525 516 1
1632 1059 1
1632 380 1
1632 1126 1
1632 1973 1
685 1260 1
685 2172 1
685 1221 1
685 1877 1
685 1599 1
685 2574 1
685 2182 1
685 1471 1
685 1421 1
218 2705 1
218 966 1
218 2350 1
218 2008 1
218 2003 1
218 490 1
218 608 1
218 1367 1
27 1248 1
27 1379 1
27 952 1
2272 1817 1
2272 1679 1
2670 1203 1
2670 850 1
2670 1781 1
2670 425 1
2674 1043 1
1353 510 1
1389 712 1
1252 2180 1
1252 2464 1
1285 708 1
1287 895 1
106 2645 1
201 72 1
758 1843 1
758 1323 1
1829 1761 1
476 2413 1
2415 912 1
2313 2129 1
945 2003 1
2445 1634 1
2529 896 1
2529 952 1
2161 1916 1
2161 623 1
2161 1710 1
2638 933 1
1161 237 1
663 1961 1
1489 2180 1
430 2705 1
430 2685 1
430 1599 1
430 2034 1
430 1910 1
430 691 1
430 1149 1
430 490 1
430 1367 1
430 1421 1
1383 1767 1
1383 444 1
1383 1745 1
9 546 1
9 2224 1
2215 2320 1
2215 226 1
2612 1924 1
467 473 1
467 1394 1
467 536 1
467 157 1
467 412 1
467 1472 1
2379 2581 1
2379 2705 1
2379 1910 1
2379 490 1
2379 1421 1
1181 2250 1
1181 1715 1
185 145 1
2426 124 1
2426 94 1
2426 2346 1
2426 1021 1
2426 952 1
1280 1387 1
2405 1753 1
2405 1507 1
2405 37 1
2556 585 1
1823 1011 1
1023 608 1
1119 2239 1
2605 1201 1
1995 2391 1
169 1277 1
169 270 1
1553 1885 1
1553 48 1
1553 830 1
1553 2386 1
1553 952 1
1553 1776 1
2268 1368 1
2268 1128 1
715 1985 1
715 993 1
1304 639 1
1304 2172 1
2352 2544 1
842 634 1
842 1910 1
842 608 1
1931 2364 1
1856 1617 1
1856 1171 1
2333 2624 1
2333 2465 1
2333 1421 1
1318 2015 1
1318 1467 1
1318 414 1
832 1650 1
832 2684 1
832 1226 1
1490 569 1
381 2002 1
32 2061 1
32 791 1
32 1992 1
242 1269 1
2695 2181 1
2695 1476 1
2695 1926 1
2695 847 1
1819 2254 1
1819 1037 1
1819 1099 1
2008 150 1
2008 823 1
380 187 1
1600 48 1
1600 1529 1
1600 39 1
1547 549 1
2381 1732 1
2381 612 1
2381 2465 1
1794 837 1
1450 1295 1
1189 1172 1
1189 2377 1
1189 2530 1
1189 211 1
1189 60 1
1189 390 1
2382 2034 1
2382 2003 1
2382 1453 1
619 204 1
1709 246 1
1709 798 1
1709 2271 1
1709 2214 1
1709 889 1
1709 793 1
2202 2404 1
2202 793 1
890 2465 1
1126 187 1
414 2015 1
414 1467 1
414 2412 1
2652 380 1
319 1517 1
319 2028 1
319 627 1
319 1449 1
892 536 1
486 2171 1
486 2397 1
2419 797 1
485 1421 1
450 919 1
450 1037 1
544 165 1
544 1269 1
1751 2387 1
1751 447 1
1751 357 1
2498 1712 1
1770 227 1
1770 536 1
1687 1338 1
792 284 1
2364 1000 1
335 1998 1
550 1555 1
550 2561 1
550 1059 1
550 1446 1
2032 1953 1
2671 2271 1
1293 825 1
1648 263 1
950 2391 1
950 730 1
2250 1330 1
588 695 1
588 2583 1
588 2684 1
588 83 1
588 1273 1
588 1783 1
588 1139 1
588 2552 1
588 1000 1
588 426 1
588 407 1
769 2074 1
1177 1152 1
1177 1884 1
847 495 1
847 2404 1
847 1668 1
1750 1092 1
2370 2555 1
2378 895 1
2378 1444 1
1027 1164 1
658 2465 1
119 2418 1
1419 2180 1
1419 2364 1
1596 986 1
1589 2445 1
1700 1289 1
2186 2144 1
2186 2684 1
2186 536 1
1884 1972 1
2257 747 1
1067 530 1
745 1613 1
745 409 1
745 111 1
1986 196 1
1765 171 1
1765 271 1
1765 1330 1
1765 2071 1
1915 341 1
1915 1319 1
2607 639 1
2024 725 1
2024 2445 1
2024 1338 1
2024 588 1
2024 2326 1
1217 2002 1
1217 2271 1
1217 2024 1
1217 2326 1
1530 952 1
613 565 1
2074 565 1
2074 1244 1
1273 1992 1
1273 503 1
1226 2465 1
17 1146 1
17 2241 1
17 589 1
17 1428 1
17 1826 1
17 2520 1
17 1372 1
1222 530 1
1703 1090 1
1703 2302 1
1703 2364 1
1551 1912 1
1551 356 1
271 938 1
2326 938 1
2465 807 1
1992 2180 1
1992 174 1
1992 1528 1
1992 2673 1
2134 1092 1
2533 896 1
2533 1617 1
2533 952 1
516 895 1
516 1852 1
1158 1745 1
1437 1614 1
1012 2186 1
1523 2649 1
1523 1673 1
1523 1912 1
1523 2033 1
1523 2025 1
589 2636 1
589 751 1
589 1826 1
589 807 1
589 2520 1
60 876 1
60 288 1
60 937 1
2672 1001 1
2130 895 1
2130 1852 1
1063 2623 1
1063 895 1
1063 2593 1
1063 1221 1
1063 1207 1
1063 1638 1
1063 2394 1
1063 2058 1
1063 1806 1
1063 585 1
1063 721 1
1063 2192 1
1063 1596 1
1063 1924 1
1063 2558 1
1063 1973 1
1063 2503 1
1063 608 1
1385 730 1
457 832 1
457 952 1
839 1281 1
839 2702 1
839 287 1
839 2347 1
839 1091 1
839 1918 1
839 94 1
839 2705 1
839 210 1
839 502 1
839 139 1
839 1444 1
839 2115 1
839 1312 1
839 1141 1
839 2239 1
839 334 1
839 150 1
839 1119 1
839 164 1
839 2008 1
839 2034 1
839 1731 1
839 785 1
839 2003 1
839 588 1
839 1910 1
839 2397 1
839 2227 1
839 490 1
839 132 1
839 2077 1
839 835 1
839 608 1
839 2027 1
26 2684 1
29 1421 1
2201 1194 1
2201 1099 1
2201 1157 1
2201 659 1
1395 895 1
1395 2008 1
2407 1203 1
2407 252 1
2407 2480 1
1139 2445 1
2038 2438 1
2038 33 1
2038 352 1
2300 2416 1
2300 1783 1
1871 1972 1
964 800 1
964 1260 1
964 1444 1
964 2445 1
964 1043 1
2380 895 1
2380 2670 1
2380 2186 1
2380 536 1
1583 709 1
1294 841 1
1294 2465 1
1294 1830 1
1811 2003 1
872 594 1
872 2397 1
872 280 1
1086 2310 1
2526 1097 1
2526 1269 1
1428 2404 1
1428 2360 1
1428 807 1
1428 2520 1
1428 1372 1
490 2465 1
1911 2364 1
1911 1915 1
2477 502 1
2477 2186 1
558 1437 1
2106 1274 1
2106 1604 1
2106 868 1
955 1112 1
955 313 1
279 1092 1
279 1723 1
986 1207 1
986 108 1
986 1394 1
986 812 1
2017 1030 1
2017 431 1
2017 2520 1
2704 1030 1
1764 2684 1
262 195 1
1072 99 1
1072 2603 1
599 1119 1
2619 2258 1
1754 345 1
1536 2544 1
1536 1864 1
885 1801 1
1762 1221 1
1762 2182 1
1762 227 1
1973 1221 1
2472 734 1
873 2301 1
2224 1910 1
284 1203 1
284 1256 1
448 1119 1
2609 1910 1
2609 1973 1
2609 1421 1
2600 1593 1
848 1842 1
168 2540 1
1723 1564 1
1723 159 1
1723 997 1
1723 1030 1
1723 2060 1
1723 23 1
1723 2520 1
2025 1889 1
187 2373 1
187 1092 1
187 1263 1
187 1973 1
949 48 1
949 1138 1
949 199 1
1472 895 1
1472 725 1
1472 2341 1
1472 49 1
1472 2182 1
1472 536 1
1472 1392 1
1472 1421 1
397 2364 1
397 275 1
397 1155 1
1471 1302 1
1471 1506 1
1471 506 1
1374 1420 1
682 2684 1
682 1910 1
2641 1421 1
807 671 1
807 1372 1
1566 1092 1
1566 743 1
1566 2215 1
1566 1202 1
1566 2436 1
1566 1784 1
1566 226 1
1566 1421 1
775 380 1
775 187 1
2252 556 1
2252 2322 1
1943 961 1
1943 2267 1
1943 1485 1
1943 2346 1
1943 1223 1
1943 712 1
1943 1592 1
1943 557 1
1943 1636 1
1319 1138 1
2280 2311 1
943 1483 1
943 2338 1
2520 2060 1
