from,to,flag
983,117159,1
983,10189,1
983,2079,1
983,3728,1
983,7295,1
983,292,1
983,1832,1
983,27288,1
983,2091,1
983,6294,1
983,388697,1
983,81532,1
983,4069,1
983,55681,1
983,388698,1
983,2670,1
983,10921,1
983,448834,1
27235,117159,1
27235,11051,1
27235,3608,1
27235,128866,1
27235,2670,1
27235,55681,1
27235,8971,1
27235,7295,1
27235,6294,1
27235,6155,1
27235,292,1
27235,291,1
27235,7417,1
27235,5495,1
27235,27288,1
27235,10921,1
27235,23333,1
27235,6742,1
27235,81532,1
27235,30968,1
27235,23581,1
27235,94239,1
27235,10189,1
27235,6418,1
27235,3728,1
27235,5494,1
27235,375,1
27235,11052,1
27235,94081,1
27235,9967,1
27235,7534,1
27235,3005,1
27235,1832,1
27235,4191,1
27235,1736,1
27235,10131,1
27235,23396,1
27235,5160,1
27235,509,1
27235,3336,1
27235,5162,1
27235,3945,1
27235,54927,1
27235,10528,1
27235,388697,1
27235,5250,1
27235,7086,1
27235,55210,1
27235,1828,1
27235,89777,1
27235,2058,1
27235,3418,1
27235,5106,1
27235,448834,1
27235,2108,1
27235,1615,1
27235,26156,1
27235,9774,1
27235,293,1
27235,4629,1
27235,9775,1
27235,55920,1
27235,4141,1
27235,9361,1
1355,10211,1
1355,6136,1
1355,2319,1
1355,128866,1
1355,6155,1
1355,201161,1
1355,26986,1
1355,6156,1
1355,3608,1
1355,4736,1
1355,10284,1
1355,29082,1
1355,6158,1
1355,292,1
1355,7417,1
1355,26097,1
1355,255626,1
1355,7419,1
1355,375,1
1355,2079,1
1355,8971,1
1355,2091,1
1355,291,1
1355,117159,1
1355,740,1
1355,51121,1
1355,6154,1
1355,30968,1
1355,7416,1
1355,9987,1
1355,3182,1
1355,23333,1
1355,22913,1
1355,821,1
1355,4698,1
1355,27288,1
1355,10476,1
1355,55681,1
1355,4697,1
1355,5478,1
1355,10131,1
1355,1347,1
1355,983,1
1355,6184,1
1355,54460,1
1355,5685,1
1355,8815,1
1355,5162,1
1355,6161,1
1355,6838,1
1355,55210,1
1355,5216,1
1355,9551,1
1355,6294,1
1355,3005,1
1355,4673,1
1355,6742,1
1355,509,1
1355,23155,1
1355,55651,1
1355,25873,1
1355,7295,1
1355,4001,1
1355,144983,1
1355,94081,1
1355,22907,1
1355,4942,1
1355,6165,1
1355,2108,1
1355,9188,1
1355,7153,1
1355,6748,1
1355,6418,1
1355,81532,1
1355,11224,1
1355,51639,1
1355,8402,1
1355,2010,1
1355,54814,1
1355,94239,1
1355,10189,1
1355,1627,1
1355,4722,1
1355,5495,1
1355,29766,1
1355,5928,1
1355,7168,1
1355,80777,1
1355,10972,1
1355,293,1
1355,10921,1
1355,641,1
1355,54534,1
1355,5955,1
1355,60488,1
1355,51637,1
1355,1994,1
1355,11160,1
1355,10528,1
1355,2782,1
1355,7531,1
1355,10935,1
1355,9667,1
1355,9521,1
1355,8655,1
1355,6185,1
1355,5250,1
1355,7385,1
1355,3178,1
1355,387,1
1355,4632,1
1355,4646,1
1355,1736,1
1355,7879,1
1355,23193,1
1355,8761,1
1355,9588,1
1355,1650,1
1355,3189,1
1355,55506,1
1355,3376,1
1355,9775,1
1355,832,1
1355,11100,1
1355,5411,1
1355,7155,1
1355,11198,1
1355,84823,1
1355,9524,1
1355,8471,1
1355,3939,1
1355,10155,1
1355,51602,1
1355,2770,1
1355,5610,1
1355,10989,1
1355,9967,1
1355,22985,1
1355,2547,1
1355,5630,1
1355,4629,1
1355,51493,1
1355,476,1
1355,5725,1
1355,10549,1
1355,9255,1
1355,6732,1
1355,10613,1
1355,9221,1
1355,4641,1
1355,7037,1
1355,7150,1
1355,7184,1
1355,103,1
1355,871,1
1355,87,1
1355,2194,1
1355,4642,1
1355,1778,1
1355,8467,1
1355,6510,1
1355,23223,1
1355,4719,1
1355,221092,1
1355,2934,1
1355,56829,1
1355,487,1
1355,2618,1
1355,547,1
1738,7001,1
1738,1933,1
1738,5725,1
1738,10197,1
1738,6119,1
1738,8565,1
1738,10130,1
1738,7184,1
1738,8668,1
1738,26135,1
1738,3251,1
1738,7531,1
1738,7334,1
1738,375,1
1738,27101,1
1738,5110,1
1738,353,1
1738,9040,1
1738,5717,1
1738,117159,1
1738,80218,1
1738,8607,1
1738,115207,1
1738,8815,1
1738,983,1
1738,2108,1
1738,10923,1
1738,10935,1
1738,10694,1
1738,5708,1
1738,1937,1
1738,5704,1
1738,8666,1
1738,3419,1
1738,9588,1
1738,1212,1
1738,10576,1
1738,4942,1
1738,51637,1
1738,10971,1
1738,7534,1
1738,7529,1
1738,871,1
1738,1841,1
1738,1938,1
1738,92667,1
1738,5700,1
1738,22818,1
1738,7415,1
1738,378,1
1738,55611,1
1738,26986,1
1738,3295,1
1738,5713,1
1738,2547,1
1738,5499,1
1738,3945,1
1738,204,1
1738,162,1
1738,3093,1
1738,10797,1
1738,8662,1
1738,8665,1
1738,11316,1
1738,10856,1
1738,58493,1
1738,3028,1
1738,8905,1
1738,52,1
1738,10131,1
1738,10484,1
1738,10726,1
1738,5706,1
1738,1936,1
1738,5716,1
1738,11051,1
1738,6156,1
1738,5576,1
1738,5050,1
1738,5464,1
1738,9521,1
1738,51260,1
1738,7317,1
1738,10294,1
1738,10487,1
1738,84263,1
1738,56616,1
1738,10606,1
1738,51639,1
1738,3837,1
1738,1615,1
1738,5719,1
1738,5702,1
1738,64422,1
1738,7112,1
1738,5223,1
1738,998,1
1738,28973,1
1738,5905,1
1738,9184,1
1738,56681,1
1738,3939,1
1738,10146,1
1738,6118,1
1738,5861,1
1738,2950,1
1738,5358,1
1738,9532,1
1738,8971,1
1738,5162,1
1738,6472,1
1738,51493,1
1738,10015,1
1738,6418,1
1738,51143,1
1738,10480,1
1738,5437,1
1738,10121,1
1738,64746,1
1738,55347,1
1738,7268,1
1738,10574,1
1738,9861,1
1738,5160,1
1738,3608,1
1738,8260,1
1738,10493,1
1738,1965,1
1738,29789,1
1738,2058,1
1738,79031,1
1738,10728,1
1738,51138,1
1738,10102,1
1738,6500,1
1738,7532,1
1738,6136,1
1738,283742,1
1738,8125,1
1738,26973,1
1738,10525,1
1738,6731,1
1738,5518,1
1738,8907,1
1738,79077,1
1738,51569,1
1738,5931,1
1738,5928,1
1738,9533,1
1738,7371,1
1738,55269,1
1738,64708,1
1738,6117,1
1738,8655,1
1738,56945,1
1738,23760,1
1738,9798,1
1738,5432,1
1738,6279,1
1738,5917,1
1738,11140,1
1738,26517,1
1738,1152,1
1738,1176,1
1738,1892,1
1738,310,1
1738,10240,1
1738,7818,1
1738,54931,1
1738,1967,1
1738,4522,1
1738,2079,1
1738,51765,1
1738,10155,1
1738,6642,1
1738,10920,1
1738,8539,1
1738,7295,1
1738,5631,1
1738,7965,1
1738,1460,1
1738,4666,1
1738,8766,1
1738,28992,1
1738,27335,1
1738,9547,1
1738,5757,1
1738,27338,1
1738,4794,1
1738,115098,1
1738,4282,1
1738,4735,1
1738,7533,1
1738,3376,1
1738,2237,1
1738,87,1
1738,372,1
1738,4809,1
1738,94239,1
1738,6643,1
1738,4673,1
1738,4722,1
1738,11047,1
1738,6155,1
1738,9775,1
1738,5216,1
1738,5217,1
1738,81,1
1738,2194,1
1738,2091,1
1738,1994,1
1738,160287,1
1738,10849,1
1738,4173,1
1738,9221,1
1738,30968,1
1738,11052,1
1738,1653,1
1738,3728,1
1738,27288,1
1738,5705,1
1738,2332,1
1738,5878,1
1738,4736,1
1738,2027,1
1738,2107,1
1738,8663,1
1738,25814,1
1738,7520,1
1738,27339,1
1738,2193,1
1738,1736,1
1738,1832,1
1738,5496,1
1738,9416,1
1738,8664,1
1738,7168,1
1738,51593,1
1738,1495,1
1738,27044,1
1738,60496,1
1738,9255,1
1738,29920,1
1738,60488,1
1738,2618,1
1738,11171,1
1738,5756,1
1738,8892,1
1738,5411,1
1738,1479,1
1738,1025,1
1738,9555,1
1738,5710,1
1738,2584,1
1738,4144,1
1738,3301,1
1738,5605,1
1738,4172,1
1738,4175,1
1738,6605,1
1738,8471,1
1738,3308,1
1738,7919,1
1738,10808,1
1738,989,1
1738,26156,1
1738,11198,1
1738,5709,1
1738,10938,1
1738,9898,1
1738,23367,1
1738,5610,1
1738,51520,1
1738,9131,1
1738,54815,1
1738,8661,1
1738,5859,1
1738,1981,1
1738,55250,1
1738,1823,1
1738,56829,1
1738,9774,1
1738,9967,1
1738,9126,1
1738,1314,1
1738,3069,1
1738,22985,1
1743,10211,1
1743,8878,1
1743,26097,1
1743,55505,1
1743,7157,1
1743,5478,1
1743,2319,1
1743,5216,1
1743,1152,1
1743,10970,1
1743,7150,1
1743,55651,1
1743,94239,1
1743,3295,1
1743,2923,1
1743,9416,1
1743,9939,1
1743,10284,1
1743,51602,1
1743,8971,1
1743,2091,1
1743,10528,1
1743,509,1
1743,128866,1
1743,94081,1
1743,7184,1
1743,7531,1
1743,1736,1
1743,871,1
1743,3005,1
1743,54927,1
1743,8407,1
1743,81876,1
1743,4191,1
1743,4000,1
1743,5878,1
1743,10576,1
1743,4001,1
1743,10989,1
1743,79886,1
1743,4809,1
1743,1674,1
1743,3013,1
1743,3028,1
1743,10130,1
1743,55210,1
1743,144983,1
1743,5906,1
1743,302,1
1743,27288,1
1743,983,1
1743,6182,1
1743,5223,1
1743,2010,1
1743,30968,1
1743,5411,1
1743,5861,1
1743,1984,1
1743,7879,1
1743,9532,1
1743,7317,1
1743,9555,1
1743,1938,1
1743,8091,1
1743,23597,1
1743,27243,1
1743,7345,1
1743,6156,1
1743,7153,1
1743,5162,1
1743,79784,1
1743,84950,1
1743,51639,1
1743,84284,1
1743,2109,1
1743,387,1
1743,64963,1
1743,4632,1
1743,51373,1
1743,5902,1
1743,5630,1
1743,3315,1
1743,2950,1
1743,1936,1
1743,7167,1
1743,3105,1
1743,3615,1
1743,7417,1
1743,292,1
1743,7385,1
1743,5110,1
1743,8887,1
1743,50809,1
1743,4646,1
1743,10971,1
1743,7534,1
1743,653505,1
1743,6624,1
1743,10155,1
1743,3945,1
1743,27339,1
1743,10935,1
1743,3189,1
1743,1627,1
1743,1832,1
1743,293,1
1743,27044,1
1743,6184,1
1743,10921,1
1743,5704,1
1743,539,1
1743,29920,1
1743,5868,1
1743,10574,1
1743,1937,1
1743,4642,1
1743,5339,1
1743,8943,1
1743,10131,1
1743,821,1
1743,55684,1
1743,2547,1
1743,7532,1
1743,9118,1
1743,3837,1
1743,4430,1
1743,63931,1
1743,4673,1
1743,4629,1
1743,8227,1
1743,56993,1
1743,38,1
1743,830,1
1743,10015,1
1743,9761,1
1743,4942,1
1743,51069,1
1743,9524,1
1743,2934,1
1743,23603,1
1743,6433,1
1743,9967,1
1743,81855,1
1743,740,1
1743,26973,1
1743,2194,1
1743,7112,1
1743,22818,1
1743,5936,1
1743,6294,1
1743,55692,1
1743,3799,1
1743,5518,1
1743,6890,1
1743,1659,1
1743,6185,1
1743,10606,1
1743,1737,1
1743,54433,1
1743,2027,1
1743,9984,1
1743,51503,1
1743,400506,1
1743,6238,1
1743,24148,1
1743,7171,1
1743,2058,1
1743,5356,1
1743,10111,1
1743,8467,1
1743,22985,1
1743,26354,1
1743,57661,1
1743,84450,1
1743,7168,1
1743,138046,1
1743,10916,1
1743,3930,1
1743,6730,1
1743,2332,1
1743,10102,1
1743,29117,1
1743,57505,1
1743,399687,1
1743,57486,1
1743,55506,1
1743,6598,1
1743,3608,1
1743,9188,1
1743,57530,1
1743,1981,1
1743,9775,1
1743,219293,1
1743,84263,1
1743,86,1
1743,5700,1
1743,10525,1
1743,487,1
1743,1615,1
1743,2618,1
1743,5610,1
1743,1829,1
1743,57727,1
1743,5905,1
1743,84823,1
1743,26986,1
1743,8301,1
1743,84630,1
1743,1778,1
1743,9219,1
1743,10165,1
1743,9112,1
1743,91746,1
1743,6877,1
1743,64318,1
1743,4172,1
1743,7155,1
1743,9688,1
1743,51340,1
1743,7082,1
1743,4141,1
1743,151887,1
1743,2186,1
1743,9656,1
1743,4641,1
1743,11234,1
1743,57690,1
10059,10627,1
10059,5216,1
10059,5478,1
10059,3945,1
10059,6156,1
10059,1627,1
10059,4830,1
10059,1152,1
10059,7167,1
10059,226,1
10059,10284,1
10059,10694,1
10059,6136,1
10059,7295,1
10059,1938,1
10059,7531,1
10059,7534,1
10059,7529,1
10059,3251,1
10059,10576,1
10059,375,1
10059,3939,1
10059,1984,1
10059,6155,1
10059,4191,1
10059,9588,1
10059,5705,1
10059,144983,1
10059,1933,1
10059,7001,1
10059,10856,1
10059,5702,1
10059,7317,1
10059,1937,1
10059,26517,1
10059,7415,1
10059,8607,1
10059,51639,1
10059,6741,1
10059,81,1
10059,7168,1
10059,10923,1
10059,2547,1
10059,3028,1
10059,3182,1
10059,26986,1
10059,3308,1
10059,9987,1
10059,3608,1
10059,51637,1
10059,1936,1
10059,10606,1
10059,10971,1
10059,191,1
10059,10130,1
10059,10963,1
10059,7184,1
10059,3615,1
10059,10921,1
10059,8407,1
10059,47,1
10059,3837,1
10059,5223,1
10059,11140,1
10059,5110,1
10059,4673,1
10059,6158,1
10059,10121,1
10059,6613,1
10059,10574,1
10059,7086,1
10059,8665,1
10059,2079,1
10059,26135,1
10059,5928,1
10059,11315,1
10059,117159,1
10059,5706,1
10059,5902,1
10059,5917,1
10059,5725,1
10059,7332,1
10059,9775,1
10059,5162,1
10059,5685,1
10059,6119,1
10059,5358,1
10059,2670,1
10059,5701,1
10059,4666,1
10059,115207,1
10059,5700,1
10059,10155,1
10059,3301,1
10059,10808,1
10059,3189,1
10059,10540,1
10059,9939,1
10059,10055,1
10059,3276,1
10059,4522,1
10059,5708,1
10059,27288,1
10059,1965,1
10059,8664,1
10059,87,1
10059,6500,1
10059,2194,1
10059,7520,1
10059,7430,1
10059,8662,1
10059,5202,1
10059,10598,1
10059,9188,1
10059,1615,1
10059,5411,1
10059,9184,1
10059,22985,1
10059,4629,1
10059,1104,1
10059,8661,1
10059,7919,1
10059,5704,1
10059,1778,1
10059,983,1
10059,51520,1
10059,4144,1
10059,7094,1
10059,6059,1
10059,23193,1
10059,4076,1
10059,8826,1
10059,6294,1
3028,7001,1
3028,6156,1
3028,1938,1
3028,5478,1
3028,5110,1
3028,9588,1
3028,8766,1
3028,387,1
3028,10694,1
3028,8668,1
3028,10627,1
3028,10576,1
3028,26986,1
3028,581,1
3028,55505,1
3028,10856,1
3028,10155,1
3028,4666,1
3028,5713,1
3028,4191,1
3028,5725,1
3028,396,1
3028,7184,1
3028,5879,1
3028,5717,1
3028,5721,1
3028,4809,1
3028,3608,1
3028,9521,1
3028,10130,1
3028,2547,1
3028,4736,1
3028,6613,1
3028,10935,1
3028,1937,1
3028,5706,1
3028,9775,1
3028,3043,1
3028,983,1
3028,682,1
3028,1936,1
3028,7317,1
3028,92597,1
3028,23760,1
3028,10574,1
3028,2782,1
3028,4673,1
3028,3251,1
3028,5705,1
3028,1615,1
3028,38,1
3028,302,1
3028,144983,1
3028,3735,1
3028,8407,1
3028,3013,1
3028,1994,1
3028,10927,1
3028,22913,1
3028,3189,1
3028,5434,1
3028,9987,1
3028,10972,1
3028,7167,1
3028,5499,1
3028,27339,1
3028,5700,1
3028,4172,1
3028,5437,1
3028,1933,1
3028,8607,1
3028,10921,1
3028,5709,1
3028,3065,1
3028,54504,1
3028,26097,1
3028,7520,1
3028,51639,1
3028,26135,1
3028,4632,1
3028,80218,1
3028,27288,1
3028,16,1
3028,5718,1
3028,8664,1
3028,7414,1
3028,11184,1
3028,11332,1
3028,3837,1
3028,4144,1
3028,5355,1
3028,11316,1
3028,4171,1
3028,10213,1
3028,51493,1
3028,3336,1
3028,10920,1
3028,871,1
3028,4174,1
3028,1460,1
3028,4173,1
3028,9184,1
3028,5518,1
3028,10197,1
3028,5931,1
3028,10421,1
3028,10054,1
3028,2237,1
3028,4676,1
3028,637,1
3028,10857,1
3028,10135,1
3028,10189,1
3028,9861,1
3028,55611,1
3028,10131,1
3028,5630,1
3028,3182,1
3028,11052,1
3028,5704,1
3028,2027,1
3028,79837,1
3028,1736,1
3028,51602,1
3028,221092,1
3028,1503,1
3028,10097,1
3028,4686,1
3028,2194,1
3028,5707,1
3028,10015,1
3028,1495,1
3028,57805,1
3028,55308,1
3028,1778,1
3028,4646,1
11315,9967,1
11315,10189,1
11315,144097,1
11315,9774,1
11315,1627,1
11315,26986,1
11315,10921,1
11315,26292,1
11315,26135,1
11315,7295,1
11315,29766,1
11315,10627,1
11315,5495,1
11315,7167,1
11315,375,1
11315,7529,1
11315,26097,1
11315,51474,1
11315,9588,1
11315,10131,1
11315,7168,1
11315,4942,1
11315,7534,1
11315,5478,1
11315,10454,1
11315,3608,1
11315,3028,1
11315,9987,1
11315,1736,1
11315,1937,1
11315,4191,1
11315,10935,1
11315,7170,1
11315,388697,1
11315,10694,1
11315,3615,1
11315,8662,1
11315,144983,1
11315,10971,1
11315,28973,1
11315,84717,1
11315,5160,1
11315,6742,1
11315,87,1
11315,9128,1
11315,29767,1
11315,50628,1
11315,3030,1
11315,5411,1
11315,10284,1
11315,1738,1
11315,5162,1
11315,5861,1
11315,10130,1
11315,1938,1
11315,51729,1
11315,11052,1
11315,10155,1
11315,64965,1
11315,4629,1
11315,4522,1
5160,29920,1
5160,302,1
5160,5831,1
5160,6161,1
5160,8290,1
5160,8540,1
5160,6158,1
5160,30968,1
5160,30,1
5160,9554,1
5160,10970,1
5160,3295,1
5160,4191,1
5160,8880,1
5160,54927,1
5160,26097,1
5160,6342,1
5160,6156,1
5160,1627,1
5160,94081,1
5160,81876,1
5160,6136,1
5160,84844,1
5160,3005,1
5160,55379,1
5160,10189,1
5160,154796,1
5160,204,1
5160,55210,1
5160,5878,1
5160,3178,1
5160,4726,1
5160,9255,1
5160,10005,1
5160,84263,1
5160,10476,1
5160,27044,1
5160,10455,1
5160,5861,1
5160,3189,1
5160,9939,1
5160,56993,1
5160,144983,1
5160,5162,1
5160,6472,1
5160,2010,1
5160,10989,1
5160,10067,1
5160,3608,1
5160,10901,1
5160,57085,1
5160,6119,1
5160,1994,1
5160,7879,1
5160,8970,1
5160,84271,1
5160,8766,1
5160,7384,1
5160,93380,1
5160,8106,1
5160,9987,1
5160,1936,1
5160,51142,1
5160,476,1
5160,2801,1
5160,539,1
5160,10972,1
5160,9967,1
5160,6811,1
5160,10576,1
5160,11224,1
5160,6117,1
5160,8471,1
5160,255626,1
5160,387,1
5160,26528,1
5160,3315,1
5160,10456,1
5160,84324,1
5160,6185,1
5160,22907,1
5160,8971,1
5160,10452,1
5160,4736,1
5160,64928,1
5160,5825,1
5160,1727,1
5160,7385,1
5160,222068,1
5160,51069,1
5160,10131,1
5160,7157,1
5160,51593,1
5160,51009,1
5160,8939,1
5160,2923,1
5160,6184,1
5160,28998,1
5160,2332,1
5160,26986,1
5160,5936,1
5160,83858,1
5160,3550,1
5160,5630,1
5160,124801,1
5160,2804,1
5160,9118,1
5160,5411,1
5160,871,1
5160,55269,1
5160,5725,1
5160,3182,1
5160,51503,1
5160,10146,1
5160,4001,1
5160,23603,1
5160,6838,1
5160,5250,1
5160,9131,1
5160,9555,1
5160,27339,1
5160,7037,1
5160,488,1
5160,23636,1
5160,3301,1
5160,10084,1
5160,26135,1
5160,2017,1
5160,7112,1
5160,38,1
5160,10211,1
5160,7170,1
5160,4646,1
5160,1937,1
5160,3837,1
5160,55147,1
5160,7417,1
5160,79882,1
5160,1650,1
5160,6150,1
5160,23644,1
5160,84950,1
5160,1674,1
5160,81855,1
5160,9688,1
5160,6389,1
5160,160287,1
5160,5034,1
5160,9521,1
5160,81,1
5160,26354,1
5160,1829,1
5160,9589,1
5160,23521,1
5160,6730,1
5160,5917,1
5160,1495,1
5160,5339,1
5160,24148,1
5160,8615,1
5160,103,1
5160,118,1
5160,221092,1
5160,4642,1
5160,51474,1
5160,4686,1
5160,22985,1
5160,7110,1
5160,10694,1
5160,8661,1
5160,50809,1
5160,5905,1
5160,81608,1
5160,4141,1
5160,23788,1
5160,1965,1
5160,8189,1
5160,1981,1
5160,11198,1
5160,57486,1
5160,54439,1
5160,84295,1
5160,55692,1
5160,728642,1
5160,800,1
5160,84687,1
5160,1314,1
5160,10294,1
5160,11184,1
5160,10015,1
5160,6294,1
5160,57122,1
5160,10856,1
5160,6238,1
5160,79869,1
5160,2802,1
5160,487,1
5160,5356,1
5160,51602,1
5160,4430,1
5160,10801,1
5160,3930,1
5160,79709,1
5160,2194,1
5160,3376,1
5160,3069,1
5160,9984,1
5160,4000,1
5160,9219,1
5160,10165,1
5160,7150,1
5160,1374,1
5160,56829,1
5160,57703,1
5160,4741,1
5160,1778,1
5160,4629,1
5160,8467,1
5160,9919,1
5160,10128,1
5160,388697,1
5160,57498,1
5160,1108,1
5160,4926,1
5160,7175,1
5160,1832,1
6389,9554,1
6389,7529,1
6389,5478,1
6389,10627,1
6389,3028,1
6389,8815,1
6389,1152,1
6389,308,1
6389,94081,1
6389,3939,1
6389,6156,1
6389,3189,1
6389,1938,1
6389,476,1
6389,3013,1
6389,10576,1
6389,9775,1
6389,10694,1
6389,6154,1
6389,1937,1
6389,983,1
6389,292,1
6389,51142,1
6389,6185,1
6389,10476,1
6389,653505,1
6389,6136,1
6389,160287,1
6389,3945,1
6389,2923,1
6389,5250,1
6389,10550,1
6389,10654,1
6389,3149,1
6389,10890,1
6389,10970,1
6389,7184,1
6389,11184,1
6389,871,1
6389,5701,1
6389,10972,1
6389,10130,1
6389,23011,1
6389,1933,1
6389,54927,1
6389,10856,1
6389,54732,1
6389,23193,1
6389,7384,1
6389,79073,1
6389,10971,1
6389,7534,1
6389,7019,1
6389,7532,1
6389,6472,1
6389,5223,1
6389,7531,1
6389,10935,1
6389,4172,1
6389,10574,1
6389,7167,1
6389,5518,1
6389,821,1
6389,9694,1
6389,84823,1
6389,1727,1
6389,1965,1
6389,328,1
6389,1994,1
6389,4000,1
6389,54602,1
6389,9114,1
6389,51726,1
6389,3106,1
6389,3105,1
6389,3419,1
6389,3178,1
6389,3728,1
6389,4144,1
6389,5705,1
6389,26135,1
6389,5700,1
6389,7385,1
6389,5630,1
6389,10135,1
6389,1615,1
6389,2193,1
6389,440,1
6389,4001,1
6389,6184,1
6389,7086,1
6389,6749,1
6389,1832,1
6389,4174,1
6389,3295,1
6389,1653,1
6389,5122,1
6389,1374,1
6389,1608,1
6389,4175,1
6389,3308,1
6389,3837,1
6389,5708,1
6389,57505,1
6389,7175,1
6389,9126,1
6389,1314,1
6389,2194,1
6389,3069,1
6389,2058,1
6646,117159,1
6646,7295,1
6646,2319,1
6646,302,1
6646,10189,1
6646,3336,1
6646,5495,1
6646,128866,1
6646,1832,1
6646,291,1
6646,5216,1
6646,1828,1
6646,292,1
6646,7416,1
6646,7417,1
6646,375,1
6646,5478,1
6646,8815,1
6646,6155,1
6646,8971,1
6646,7167,1
6646,2010,1
6646,55681,1
6646,3608,1
6646,2670,1
6646,26135,1
6646,1347,1
6646,4191,1
6646,56993,1
6646,81532,1
6646,26097,1
6646,5250,1
6646,55210,1
6646,7534,1
6646,7419,1
6646,5162,1
6646,10935,1
6646,3728,1
6646,30968,1
6646,5494,1
6646,4513,1
6646,2091,1
6646,1984,1
6646,388697,1
6646,7168,1
6646,7531,1
6646,7529,1
6646,6182,1
6646,1327,1
6646,10131,1
6646,6158,1
6646,3945,1
6646,509,1
6646,7385,1
6646,4698,1
6646,388698,1
6646,821,1
6646,9588,1
6646,9551,1
6646,653505,1
6646,293,1
6646,3939,1
6646,682,1
6646,94081,1
6646,27288,1
6646,4722,1
6646,6418,1
6646,6472,1
6646,23396,1
6646,11160,1
6646,4830,1
6646,3376,1
6646,4705,1
6646,226,1
6646,6566,1
6646,2058,1
6646,10971,1
6646,1152,1
6646,5831,1
6646,1736,1
6646,65108,1
6646,9521,1
6646,2108,1
6646,7184,1
6646,4673,1
6646,10165,1
6646,5902,1
6646,6520,1
6646,7384,1
6646,1937,1
6646,4942,1
6646,1738,1
6646,9131,1
6646,1938,1
6646,7086,1
6646,5917,1
6646,4719,1
6646,83858,1
6646,3418,1
6646,9524,1
6646,51493,1
6646,10015,1
6646,4629,1
6646,6185,1
6646,23193,1
6646,2923,1
6646,3837,1
6646,2618,1
6647,10409,1
6647,3945,1
6647,3005,1
6647,7001,1
6647,7167,1
6647,5478,1
6647,2950,1
6647,1938,1
6647,65108,1
6647,3336,1
6647,6902,1
6647,9588,1
6647,6156,1
6647,4282,1
6647,10576,1
6647,5230,1
6647,353,1
6647,10694,1
6647,7534,1
6647,7529,1
6647,55505,1
6647,7345,1
6647,5110,1
6647,5494,1
6647,7086,1
6647,5495,1
6647,653505,1
6647,7317,1
6647,8815,1
6647,10574,1
6647,226,1
6647,197,1
6647,2739,1
6647,10856,1
6647,11315,1
6647,26517,1
6647,6613,1
6647,8407,1
6647,2923,1
6647,5763,1
6647,10213,1
6647,10155,1
6647,6282,1
6647,8971,1
6647,4666,1
6647,3939,1
6647,2664,1
6647,4191,1
6647,7415,1
6647,136319,1
6647,5694,1
6647,6119,1
6647,10971,1
6647,3094,1
6647,11332,1
6647,1152,1
6647,2109,1
6647,3608,1
6647,10927,1
6647,4144,1
6647,5216,1
6647,1936,1
6647,38,1
6647,7919,1
6647,6728,1
6647,1964,1
6647,5701,1
6647,1937,1
6647,3925,1
6647,51142,1
6647,7334,1
6647,5202,1
6647,1429,1
6647,11034,1
6647,3182,1
6647,160287,1
6647,10454,1
6647,5034,1
6647,2782,1
6647,4173,1
6647,301,1
6647,10055,1
6647,9939,1
6647,51596,1
6647,501,1
6647,3419,1
6647,9040,1
6647,10059,1
6647,5906,1
6647,3074,1
6647,4676,1
6647,998,1
6647,387,1
6647,5706,1
6647,4001,1
6647,5518,1
6647,10493,1
6647,6182,1
6647,3149,1
6647,7184,1
6647,9367,1
6647,9775,1
6647,871,1
6647,5434,1
6647,25824,1
6647,3146,1
6647,92597,1
6647,2027,1
6647,10130,1
6647,26285,1
6647,54749,1
6647,7163,1
6647,23011,1
6647,1933,1
6647,373156,1
6647,5683,1
6647,204,1
6647,5721,1
6647,16,1
6647,51637,1
6647,5687,1
6647,7532,1
6647,525,1
6647,6301,1
6647,5660,1
6647,5589,1
6647,4172,1
6647,10549,1
6647,23760,1
6647,118460,1
6647,5464,1
6647,3837,1
6647,84823,1
6647,5708,1
6647,2547,1
6647,3029,1
6647,523,1
6647,60496,1
6647,23193,1
6647,1965,1
6647,3799,1
6647,8880,1
6647,8668,1
6647,1994,1
6647,8667,1
6647,7520,1
6647,2237,1
6647,50,1
6647,5705,1
6647,11047,1
6647,6741,1
6647,11184,1
6647,3308,1
6647,5717,1
6647,5700,1
6647,3646,1
6647,81,1
6647,8607,1
6647,4522,1
6647,5630,1
6647,1674,1
6647,79869,1
6647,1615,1
6647,3615,1
6647,8539,1
6647,8664,1
6647,7175,1
6647,8761,1
6647,9601,1
6647,4000,1
6647,8661,1
6647,10131,1
6647,4174,1
6647,2058,1
6647,54888,1
6647,9688,1
6647,4175,1
6647,10015,1
6647,22820,1
6647,4171,1
6647,27044,1
6647,57805,1
6647,476,1
6647,8943,1
6647,51520,1
6647,1314,1
6647,10514,1
6647,8826,1
6647,4629,1
6647,10075,1
6647,388697,1
7416,117159,1
7416,23234,1
7416,26097,1
7416,5495,1
7416,2547,1
7416,10627,1
7416,7295,1
7416,56993,1
7416,128866,1
7416,291,1
7416,7168,1
7416,54927,1
7416,94081,1
7416,4698,1
7416,7385,1
7416,292,1
7416,1347,1
7416,8815,1
7416,7419,1
7416,5494,1
7416,5478,1
7416,7417,1
7416,8971,1
7416,55681,1
7416,375,1
7416,10857,1
7416,10284,1
7416,25873,1
7416,4001,1
7416,10476,1
7416,2079,1
7416,81532,1
7416,6155,1
7416,7520,1
7416,23333,1
7416,1327,1
7416,30968,1
7416,5162,1
7416,6136,1
7416,11224,1
7416,2010,1
7416,3005,1
7416,27288,1
7416,3608,1
7416,6158,1
7416,9377,1
7416,5250,1
7416,6156,1
7416,1736,1
7416,9588,1
7416,2091,1
7416,1994,1
7416,821,1
7416,10921,1
7416,871,1
7416,7531,1
7416,6184,1
7416,3615,1
7416,10935,1
7416,6748,1
7416,55210,1
7416,9551,1
7416,4719,1
7416,10989,1
7416,5216,1
7416,23396,1
7416,509,1
7416,10528,1
7416,6742,1
7416,7170,1
7416,5955,1
7416,539,1
7416,7384,1
7416,26986,1
7416,7534,1
7416,51602,1
7416,10131,1
7416,4513,1
7416,3032,1
7416,8607,1
7416,10927,1
7416,9521,1
7416,6838,1
7416,9987,1
7416,7184,1
7416,4729,1
7416,51639,1
7416,94239,1
7416,4722,1
7416,23155,1
7416,293,1
7416,1615,1
7416,3939,1
7416,2108,1
7416,5160,1
7416,9555,1
7416,9131,1
7416,6749,1
7416,7086,1
7416,11335,1
7416,11160,1
7416,6520,1
7416,1152,1
7416,10613,1
7416,682,1
7416,4673,1
7416,26156,1
7416,6510,1
7416,6741,1
7416,6185,1
7416,9967,1
7416,10951,1
7416,9188,1
7416,983,1
7416,6182,1
7416,6294,1
7416,11198,1
7416,1937,1
7416,10165,1
7416,3030,1
7416,84823,1
7416,5630,1
7416,476,1
7416,388697,1
7416,7167,1
7416,50809,1
7416,11316,1
7416,2058,1
7416,51493,1
7416,1938,1
7416,3376,1
7416,7153,1
7416,10694,1
7416,51520,1
7416,4629,1
7416,1650,1
7416,3837,1
7416,9667,1
7416,388698,1
7416,7150,1
27235,3012,1
27235,8335,1
1355,3012,1
1355,8335,1
1738,3012,1
1738,8335,1
1743,3012,1
1743,8335,1
10059,3012,1
10059,8335,1
3028,3012,1
3028,8335,1
11315,3012,1
11315,8335,1
5160,3012,1
5160,8335,1
6389,3012,1
6389,8335,1
6647,3012,1
6647,8335,1
7416,3012,1
7416,8335,1
10059,1159,1
10059,548596,1
1738,205,1
1738,8209,1
5160,10093,1
1743,801,1
1743,805,1
1743,808,1
10059,801,1
10059,805,1
10059,808,1
5160,801,1
5160,805,1
5160,808,1
1355,3017,1
1355,8339,1
1355,8343,1
1355,8344,1
1355,8346,1
1355,8347,1
1738,3017,1
1738,8339,1
1738,8343,1
1738,8344,1
1738,8346,1
1738,8347,1
6389,3017,1
6389,8339,1
6389,8343,1
6389,8344,1
6389,8346,1
6389,8347,1
7416,3017,1
7416,8339,1
7416,8343,1
7416,8344,1
7416,8346,1
7416,8347,1
5160,8350,1
5160,8351,1
5160,8352,1
5160,8353,1
5160,8354,1
5160,8355,1
5160,8356,1
5160,8357,1
5160,8358,1
5160,8968,1
1743,3039,1
1743,3040,1
3028,3039,1
3028,3040,1
5160,3020,1
5160,3021,1
3028,387522,1
3028,7335,1
1738,6606,1
1738,6607,1
5160,6606,1
5160,6607,1
5160,723790,1
5160,8337,1
5160,126961,1
5160,333932,1
5160,653604,1
983,552900,1
983,654483,1
27235,552900,1
27235,654483,1
1355,552900,1
1355,654483,1
1738,552900,1
1738,654483,1
1743,552900,1
1743,654483,1
11315,552900,1
11315,654483,1
6646,552900,1
6646,654483,1
7416,552900,1
7416,654483,1
5160,11217,1
5160,445815,1
