# yeast
851373 855450 1
855450 856530 1
854223 855450 1
853928 855450 1
852034 855450 1
855339 855450 1
855450 855929 1
851727 855450 1
854443 855450 1
852099 855450 1
855450 856425 1
853144 855450 1
855345 855450 1
853433 855569 1
853433 854879 1
851740 853144 1
856530 856736 1
854223 856736 1
850328 856736 1
853928 856736 1
855339 856736 1
852655 856736 1
851727 856736 1
854443 856736 1
852099 856736 1
855067 856736 1
856598 856736 1
850344 856736 1
853513 856736 1
853422 856736 1
850774 856736 1
855569 856736 1
856715 856736 1
854879 856736 1
855305 856736 1
852395 855228 1
851994 855228 1
853353 855228 1
855228 856426 1
855067 855228 1
854156 855228 1
852395 853747 1
851994 853747 1
853747 855471 1
853353 853747 1
853747 855907 1
851803 853747 1
853747 854976 1
853747 856254 1
853747 855067 1
853747 854190 1
855450 856847 1
855450 856002 1
855360 855450 1
851088 855450 1
851220 856736 1
851577 856736 1
851737 856736 1
851910 856736 1
851962 856736 1
852034 856736 1
852969 856736 1
853318 856736 1
853818 856736 1
850677 856736 1
850897 856736 1
854915 856736 1
855102 856736 1
855264 856736 1
855345 856736 1
855360 856736 1
855448 856736 1
855418 856736 1
855787 856736 1
854150 856736 1
854531 856736 1
856099 856736 1
856002 856736 1
855948 856736 1
855929 856736 1
856159 856736 1
856254 856736 1
856293 856736 1
855102 855228 1
851373 851440 1
851373 856847 1
851373 856899 1
851373 855418 1
852499 853783 1
853783 856899 1
853100 853783 1
853783 855418 1
852233 856425 1
852311 856425 1
852370 856425 1
852469 856425 1
851832 856425 1
851950 856425 1
852023 856425 1
856425 856847 1
856425 856899 1
852857 856425 1
852837 856425 1
853076 856425 1
853144 856425 1
853302 856425 1
853538 856425 1
853829 856425 1
850683 856425 1
851041 856425 1
851055 856425 1
855645 856425 1
855488 856425 1
854073 856425 1
854449 856425 1
851440 855488 1
851996 855488 1
853144 855488 1
853350 855488 1
853582 855488 1
851051 855488 1
851055 855488 1
854925 855488 1
851686 856056 1
851714 856056 1
856056 856669 1
856056 856859 1
852879 856056 1
852864 856056 1
853489 856056 1
853890 856056 1
850728 856056 1
850966 856056 1
855687 856056 1
855676 856056 1
854236 856056 1
854300 856056 1
852424 854236 1
852462 854236 1
854236 856817 1
852879 854236 1
854236 856354 1
853453 854236 1
853489 854236 1
853523 854236 1
850728 854236 1
850966 854236 1
854236 854904 1
854236 855687 1
854236 855676 1
854236 856148 1
850728 851261 1
850728 851222 1
850728 851214 1
850728 851271 1
850728 852462 1
850320 850728 1
850383 850728 1
850728 851558 1
850728 851485 1
850728 851336 1
850728 851653 1
850728 851686 1
850728 851731 1
850728 851740 1
850728 851788 1
850728 851918 1
850728 851934 1
850728 856668 1
850728 856659 1
850728 856657 1
850728 856817 1
850728 856856 1
850728 856859 1
850511 850728 1
850590 850728 1
850728 852879 1
850728 852864 1
850728 852826 1
850728 852702 1
850728 852607 1
850728 852997 1
850728 856354 1
850728 856403 1
850728 856457 1
850728 854772 1
850728 854734 1
850728 853523 1
850728 853781 1
850728 853870 1
850728 853890 1
850728 853901 1
850728 853969 1
850702 850728 1
850728 850774 1
850728 850776 1
850728 851018 1
850728 851028 1
850728 851074 1
850728 851075 1
850728 855012 1
850728 854970 1
850728 854966 1
850728 854904 1
850728 855016 1
850728 855022 1
850728 855153 1
850728 855315 1
850728 855355 1
850728 855687 1
850728 855676 1
850728 855655 1
850728 855586 1
850728 855552 1
850728 855483 1
850728 855425 1
850728 855420 1
850728 855417 1
850728 855766 1
850728 855787 1
850728 854150 1
850728 854142 1
850728 854234 1
850728 854235 1
850728 854276 1
850728 854279 1
850728 854300 1
850728 854391 1
850728 856070 1
850728 856052 1
850728 855999 1
850728 855983 1
850728 855942 1
850728 855842 1
850728 856163 1
850728 856199 1
850966 851261 1
850966 851222 1
850966 851214 1
850966 851271 1
850966 852172 1
850966 852462 1
850966 852591 1
850354 850966 1
850320 850966 1
850383 850966 1
850430 850966 1
850966 851485 1
850966 851458 1
850966 851653 1
850966 851685 1
850966 851686 1
850966 851704 1
850966 851731 1
850966 851740 1
850966 851784 1
850966 851905 1
850966 851918 1
850966 851934 1
850966 851978 1
850966 856668 1
850966 856659 1
850966 856657 1
850966 856856 1
850966 856859 1
850966 856909 1
850511 850966 1
850590 850966 1
850966 852879 1
850966 852864 1
850966 852826 1
850966 852796 1
850966 852763 1
850966 852660 1
850966 852607 1
850966 852903 1
850966 852997 1
850966 853144 1
850966 853177 1
850966 856366 1
850966 856354 1
850966 856393 1
850966 856403 1
850966 856435 1
850966 856457 1
850966 854734 1
850966 853453 1
850966 853416 1
850966 853393 1
850966 853319 1
850966 853287 1
850966 853490 1
850966 853497 1
850966 853523 1
850966 853781 1
850966 853644 1
850966 853889 1
850966 853890 1
850966 853901 1
850621 850966 1
850702 850966 1
850772 850966 1
850774 850966 1
850776 850966 1
850966 851018 1
850966 851028 1
850966 854904 1
850966 855016 1
850966 855022 1
850966 855076 1
850966 855153 1
850966 855308 1
850966 855317 1
850966 855355 1
850966 855687 1
850966 855676 1
850966 855655 1
850966 855552 1
850966 855420 1
850966 855787 1
850966 854150 1
850966 854143 1
850966 854142 1
850966 854234 1
850966 854235 1
850966 854256 1
850966 854273 1
850966 854276 1
850966 854279 1
850966 854300 1
850966 854391 1
850966 856070 1
850966 856052 1
850966 855983 1
850966 855942 1
850966 855906 1
850966 855905 1
850966 855842 1
850966 856128 1
850966 856163 1
850966 856199 1
851136 851222 1
851136 851220 1
851136 851263 1
851136 852392 1
851136 852399 1
851136 852516 1
851136 852532 1
850320 851136 1
850440 851136 1
851136 851529 1
851136 851934 1
851136 851967 1
851136 851975 1
851136 851984 1
851136 852050 1
851136 852096 1
851136 856702 1
851136 856681 1
851136 856648 1
851136 856847 1
851136 856859 1
851136 856908 1
850562 851136 1
851136 852864 1
851136 852839 1
851136 852701 1
851136 852624 1
851136 856572 1
851136 854771 1
851136 854734 1
851136 854678 1
851136 854821 1
851136 853271 1
851136 853605 1
851136 853812 1
851136 853718 1
851136 853697 1
851136 853678 1
851136 853667 1
850658 851136 1
850728 851136 1
850774 851136 1
850865 851136 1
850887 851136 1
850901 851136 1
850966 851136 1
850973 851136 1
851064 851136 1
851088 851136 1
851100 851136 1
851136 854966 1
851136 855190 1
851136 855305 1
851136 855317 1
851136 855706 1
851136 855626 1
851136 855522 1
851136 854158 1
851136 854150 1
851136 854130 1
851136 854082 1
851136 854203 1
851136 854247 1
851136 854290 1
851136 854391 1
851136 854472 1
851136 854485 1
851136 854542 1
851136 856065 1
851136 856050 1
851136 856036 1
851136 855920 1
851136 856199 1
850320 853534 1
851335 853534 1
852750 853534 1
856530 856648 1
852753 856530 1
852655 856530 1
855238 856530 1
855569 856530 1
855859 856530 1
856263 856530 1
851209 855339 1
850440 855339 1
855339 856648 1
852655 855339 1
852969 855339 1
853287 855339 1
850907 855339 1
850914 855339 1
854879 855339 1
855339 855655 1
855339 855569 1
854531 855339 1
855339 855859 1
855339 856263 1
851220 855929 1
851694 855929 1
855929 856648 1
852753 855929 1
852655 855929 1
852969 855929 1
850897 855929 1
854879 855929 1
855569 855929 1
854531 855929 1
855835 855929 1
855859 855929 1
855929 856263 1
853928 856648 1
852753 853928 1
852655 853928 1
852969 853928 1
853928 855569 1
853928 855859 1
853928 856263 1
852034 856715 1
852034 856648 1
852034 852655 1
852034 852969 1
852034 855569 1
852099 856648 1
852099 852655 1
852099 852969 1
850897 852099 1
852099 855569 1
852099 854531 1
852099 855859 1
855345 856648 1
852655 855345 1
854879 855345 1
855345 855569 1
855345 855859 1
854443 856715 1
854443 856648 1
854443 856899 1
850574 854443 1
852655 854443 1
852969 854443 1
854443 854879 1
854443 855569 1
854443 855859 1
854443 856263 1
851209 851727 1
851727 852428 1
850429 851727 1
850440 851727 1
851727 856648 1
850574 851727 1
851727 852753 1
851727 852655 1
851727 852969 1
850897 851727 1
850907 851727 1
850914 851727 1
851727 855012 1
851727 854879 1
851727 855569 1
851727 854223 1
851727 854531 1
851727 855859 1
851727 856263 1
850328 853513 1
853513 856715 1
852969 853513 1
850897 853513 1
853513 854879 1
853513 855569 1
853513 854191 1
853513 855859 1
853513 856263 1
850328 852254 1
850328 850429 1
850328 850440 1
850328 851884 1
850328 856715 1
850328 856648 1
850328 856724 1
850328 856832 1
850328 850574 1
850328 852852 1
850328 852794 1
850328 852702 1
850328 852969 1
850328 853100 1
850328 850897 1
850328 854879 1
850328 854915 1
850328 855077 1
850328 855618 1
850328 855569 1
850328 854150 1
850328 854191 1
850328 854223 1
850328 854531 1
850328 855835 1
850328 855859 1
850774 851220 1
850774 851485 1
850774 856715 1
850774 856724 1
850774 856859 1
850550 850774 1
850774 852701 1
850774 852607 1
850774 852969 1
850774 853100 1
850702 850774 1
850744 850774 1
850756 850774 1
850774 850973 1
850774 854879 1
850774 854915 1
850774 855569 1
850774 854090 1
850774 854531 1
850774 856052 1
850774 855920 1
850447 854223 1
851708 854223 1
852034 854223 1
852099 854223 1
854223 856648 1
854223 856899 1
852969 854223 1
854223 856530 1
853818 854223 1
853928 854223 1
850677 854223 1
850956 854223 1
851102 854223 1
854223 855339 1
854223 855345 1
854223 855569 1
854223 854443 1
854223 855929 1
854223 856236 1
854223 856263 1
855859 856715 1
852969 855859 1
850677 855859 1
855077 855859 1
855569 855859 1
855859 855948 1
852499 854504 1
850328 854504 1
851558 854504 1
851373 854504 1
851727 854504 1
852099 854504 1
854504 856899 1
850574 854504 1
852865 854504 1
853114 854504 1
853144 854504 1
854504 856425 1
854504 856530 1
854504 854809 1
853350 854504 1
853513 854504 1
853928 854504 1
853949 854504 1
850677 854504 1
851083 854504 1
854504 855645 1
854504 855603 1
854504 855418 1
854204 854504 1
854443 854504 1
854504 856019 1
854504 856002 1
854504 855948 1
854504 855929 1
850907 856263 1
851207 855948 1
855948 856715 1
855948 856648 1
852969 855948 1
852984 855948 1
850897 855948 1
854879 855948 1
854915 855948 1
855569 855948 1
852249 852655 1
850677 852655 1
852655 855102 1
852655 856263 1
852216 856648 1
852419 856648 1
850447 856648 1
856648 856715 1
856648 856899 1
856648 856924 1
852794 856648 1
852708 856648 1
852969 856648 1
853144 856648 1
853439 856648 1
853422 856648 1
853513 856648 1
853818 856648 1
850677 856648 1
854879 856648 1
854915 856648 1
855067 856648 1
855077 856648 1
855102 856648 1
855169 856648 1
855569 856648 1
855448 856648 1
855418 856648 1
854179 856648 1
854370 856648 1
854531 856648 1
856099 856648 1
856089 856648 1
855951 856648 1
855835 856648 1
856159 856648 1
856236 856648 1
851209 856263 1
851263 856263 1
851271 856263 1
852348 856263 1
852399 856263 1
852404 856263 1
850297 856263 1
851577 856263 1
851841 856263 1
851847 856263 1
851916 856263 1
851967 856263 1
851975 856263 1
852099 856263 1
856263 856715 1
856263 856899 1
856263 856924 1
850562 856263 1
850597 856263 1
852794 856263 1
852709 856263 1
852708 856263 1
852702 856263 1
852969 856263 1
852984 856263 1
853036 856263 1
853100 856263 1
856263 856404 1
856263 856598 1
856263 856601 1
856263 856607 1
854718 856263 1
853439 856263 1
853422 856263 1
853327 856263 1
853568 856263 1
853599 856263 1
850658 856263 1
850677 856263 1
850897 856263 1
850914 856263 1
851097 856263 1
854976 856263 1
854879 856263 1
855067 856263 1
855077 856263 1
855569 856263 1
855448 856263 1
855409 856263 1
854102 856263 1
854191 856263 1
854370 856263 1
856099 856263 1
856089 856263 1
855951 856263 1
856159 856263 1
851932 852294 1
851577 851932 1
851811 851932 1
851932 856736 1
851932 852794 1
851932 853100 1
851932 856598 1
851932 853439 1
851932 853422 1
851932 854879 1
851932 855238 1
851932 855569 1
851932 856099 1
851932 856254 1
851932 856263 1
851222 854915 1
854915 856715 1
854915 856724 1
852794 854915 1
852969 854915 1
853439 854915 1
850897 854915 1
854915 854966 1
854915 855569 1
854150 854915 1
854437 854915 1
854439 854915 1
854440 854915 1
854531 854915 1
854915 855835 1
854439 856715 1
854439 856724 1
852969 854439 1
850897 854439 1
854439 855169 1
854439 855569 1
854191 854439 1
854439 854531 1
854439 855835 1
852969 856724 1
853100 856724 1
850897 856724 1
854879 856724 1
855102 856724 1
855569 856724 1
855835 856715 1
852794 855835 1
852969 855835 1
853100 855835 1
853422 855835 1
853513 855835 1
850897 855835 1
854879 855835 1
855102 855835 1
855569 855835 1
855169 856715 1
850897 855169 1
854879 855169 1
855169 855569 1
852276 856254 1
852348 856254 1
850344 856254 1
850297 856254 1
851542 856254 1
851577 856254 1
851841 856254 1
851916 856254 1
856254 856715 1
856254 856739 1
856254 856831 1
856254 856852 1
850562 856254 1
850597 856254 1
852814 856254 1
852708 856254 1
852702 856254 1
852969 856254 1
853096 856254 1
856254 856426 1
856254 856598 1
856254 856607 1
853353 856254 1
853568 856254 1
853599 856254 1
850719 856254 1
854980 856254 1
854976 856254 1
854879 856254 1
855067 856254 1
855102 856254 1
855264 856254 1
855569 856254 1
855471 856254 1
855448 856254 1
855418 856254 1
855787 856254 1
854179 856254 1
854191 856254 1
854315 856254 1
856090 856254 1
856089 856254 1
856083 856254 1
856129 856254 1
856236 856254 1
850297 856598 1
851803 856598 1
856598 856715 1
856598 856648 1
856598 856852 1
850597 856598 1
855067 856598 1
855569 856598 1
855471 856598 1
855448 856598 1
856099 856598 1
856158 856598 1
851209 855102 1
851263 855102 1
852348 855102 1
852376 855102 1
852419 855102 1
850297 855102 1
851803 855102 1
855102 856715 1
855102 856852 1
855102 856920 1
850597 855102 1
852794 855102 1
852969 855102 1
853100 855102 1
853439 855102 1
853353 855102 1
853500 855102 1
853610 855102 1
853818 855102 1
853760 855102 1
850935 855102 1
854879 855102 1
855054 855102 1
855067 855102 1
855102 855238 1
855102 855264 1
855102 855569 1
855102 855471 1
855102 855448 1
855102 855418 1
855102 855409 1
854150 855102 1
854191 855102 1
854370 855102 1
854531 855102 1
855102 856099 1
855102 855907 1
855102 855822 1
855102 856236 1
850344 851209 1
850297 850344 1
850344 851542 1
850344 851788 1
850344 851803 1
850344 856674 1
850344 856724 1
850344 856739 1
850344 852794 1
850344 852702 1
850344 852607 1
850344 853100 1
850344 856426 1
850344 856607 1
850344 853422 1
850344 853353 1
850344 853760 1
850344 854980 1
850344 854879 1
850344 855067 1
850344 855217 1
850344 855238 1
850344 855264 1
850344 855569 1
850344 855471 1
850344 855448 1
850344 855418 1
850344 854370 1
850344 854531 1
850344 856099 1
850344 855835 1
850344 856148 1
850344 856237 1
850344 856263 1
850344 851561 1
850297 851561 1
851561 851916 1
851561 856648 1
851561 853100 1
851561 856598 1
851561 855067 1
851561 855102 1
851561 855448 1
851561 856099 1
851561 856090 1
851561 856089 1
851561 856254 1
851561 856263 1
850297 856099 1
851916 856099 1
852794 856099 1
853100 856099 1
850897 856099 1
854879 856099 1
855569 856099 1
854179 856099 1
854315 856099 1
856089 856099 1
850429 853422 1
851916 853422 1
851962 853422 1
853422 856715 1
852820 853422 1
852969 853422 1
850897 853422 1
853422 855569 1
853422 854531 1
853422 856090 1
853422 856089 1
850897 851222 1
850897 852276 1
850897 852257 1
850897 852229 1
850897 852399 1
850897 852404 1
850897 852469 1
850897 852499 1
850897 852532 1
850344 850897 1
850897 851542 1
850897 851841 1
850897 851869 1
850897 851905 1
850897 851934 1
850897 852096 1
850574 850897 1
850897 852794 1
850897 853100 1
850897 853433 1
850897 853581 1
850897 855077 1
850897 855360 1
850897 854150 1
850897 854188 1
850897 854191 1
850897 854437 1
850897 854440 1
850897 854531 1
850897 856089 1
850897 856159 1
851222 852969 1
852276 852969 1
852257 852969 1
852404 852969 1
852411 852969 1
852469 852969 1
852532 852969 1
850344 852969 1
850399 852969 1
850411 852969 1
850447 852969 1
851542 852969 1
851400 852969 1
851722 852969 1
851841 852969 1
851869 852969 1
851905 852969 1
851916 852969 1
851934 852969 1
852969 856672 1
852969 856657 1
852969 856892 1
852969 856924 1
850574 852969 1
852794 852969 1
852969 853144 1
852969 853439 1
852969 853489 1
852969 853581 1
852969 853593 1
852969 853599 1
850677 852969 1
850778 852969 1
850999 852969 1
851051 852969 1
851097 852969 1
852969 855555 1
852969 855428 1
852969 855422 1
852969 854150 1
852969 854188 1
852969 854294 1
852969 854300 1
852969 854391 1
852969 854437 1
852969 854440 1
852969 854531 1
852969 856099 1
852969 856089 1
852969 855988 1
852969 855822 1
851222 855569 1
852276 855569 1
852257 855569 1
852469 855569 1
852499 855569 1
852532 855569 1
851841 855569 1
851905 855569 1
851916 855569 1
851934 855569 1
852096 855569 1
855569 856899 1
850574 855569 1
852794 855569 1
852639 855569 1
853100 855569 1
855569 856583 1
853439 855569 1
853350 855569 1
853249 855569 1
853538 855569 1
853581 855569 1
853599 855569 1
853818 855569 1
850778 855569 1
851051 855569 1
851097 855569 1
854966 855569 1
855077 855569 1
855136 855569 1
855555 855569 1
855418 855569 1
854150 855569 1
854188 855569 1
854191 855569 1
854391 855569 1
854437 855569 1
854440 855569 1
854531 855569 1
855569 856089 1
855569 855822 1
851222 856715 1
850344 856715 1
850447 856715 1
851934 856715 1
852096 856715 1
856715 856724 1
850574 856715 1
852794 856715 1
853100 856715 1
853186 856715 1
856403 856715 1
854713 856715 1
853433 856715 1
853256 856715 1
853581 856715 1
853843 856715 1
853818 856715 1
850654 856715 1
850778 856715 1
851051 856715 1
851168 856715 1
854966 856715 1
854911 856715 1
855136 856715 1
854150 856715 1
854437 856715 1
854440 856715 1
854531 856715 1
856099 856715 1
856089 856715 1
856183 856715 1
851207 854879 1
852469 854879 1
851869 854879 1
851905 854879 1
851934 854879 1
852096 854879 1
852702 854879 1
853100 854879 1
853599 854879 1
850677 854879 1
850778 854879 1
851051 854879 1
851102 854879 1
854879 855136 1
854879 855208 1
854879 855422 1
854150 854879 1
854191 854879 1
854531 854879 1
854879 856090 1
853100 855067 1
853353 855067 1
853500 855067 1
853546 855067 1
850897 855067 1
855067 855077 1
850297 851803 1
850297 856920 1
850297 856426 1
850297 853353 1
850297 853500 1
850297 855238 1
850297 855471 1
850297 854190 1
850297 854550 1
850297 855907 1
851263 855448 1
852471 855448 1
851803 855448 1
851910 855448 1
855448 856920 1
853500 855448 1
853747 855448 1
850935 855448 1
850995 855448 1
855238 855448 1
855448 855907 1
851209 853500 1
851803 853500 1
851832 853500 1
851962 853500 1
851975 853500 1
853500 853747 1
850935 853500 1
853500 854976 1
853500 855661 1
853500 855471 1
853500 856083 1
853500 855907 1
850440 854156 1
853867 854156 1
850935 854156 1
854156 854940 1
854156 855264 1
854156 855471 1
854156 855787 1
854156 854197 1
854156 854198 1
854156 856083 1
851456 852395 1
850297 851456 1
851456 851567 1
851456 856920 1
850562 851456 1
851456 853500 1
851456 855067 1
851456 855355 1
851456 855448 1
851456 855425 1
851456 855409 1
851456 854060 1
851456 854550 1
851456 855907 1
850793 851209 1
850793 852516 1
850793 852532 1
850793 852577 1
850793 852580 1
850344 850793 1
850297 850793 1
850440 850793 1
850447 850793 1
850793 851562 1
850793 851699 1
850793 851724 1
850793 851803 1
850793 851884 1
850793 851975 1
850793 852096 1
850793 856715 1
850793 856654 1
850793 856647 1
850793 856847 1
850793 856908 1
850793 856920 1
850574 850793 1
850793 852794 1
850793 852750 1
850793 852729 1
850793 852726 1
850793 852713 1
850793 852702 1
850793 852607 1
850793 856362 1
850793 856426 1
850793 856435 1
850793 856583 1
850793 856598 1
850793 854771 1
850793 854652 1
850793 853422 1
850793 853353 1
850793 853327 1
850793 853318 1
850793 853500 1
850793 853513 1
850793 853534 1
850793 853568 1
850793 853605 1
850793 853946 1
850658 850793 1
850744 850793 1
850793 850935 1
850793 850973 1
850793 850995 1
850793 854976 1
850793 855102 1
850793 856237 1
850793 856254 1
851623 853100 1
855054 855907 1
855809 855907 1
855907 856135 1
851220 855471 1
851263 855471 1
852472 855471 1
850447 855471 1
855471 856647 1
850562 855471 1
855471 856425 1
855471 856426 1
855471 856559 1
853327 855471 1
850702 855471 1
851088 855471 1
854980 855471 1
854925 855471 1
855054 855471 1
855471 855606 1
855425 855471 1
855418 855471 1
854315 855471 1
855471 856129 1
855471 856236 1
852471 854976 1
851513 854976 1
852709 854976 1
852708 854976 1
852702 854976 1
854976 855054 1
854315 854976 1
852063 853520 1
852064 853520 1
852069 853520 1
852702 853520 1
853520 856583 1
853491 853520 1
853520 853746 1
850935 853520 1
850973 853520 1
853520 855492 1
853520 855480 1
853520 855417 1
851965 852395 1
850935 852395 1
852395 856083 1
850935 851994 1
851994 856083 1
851772 854190 1
854190 855238 1
851263 851965 1
851265 851965 1
851965 852529 1
850320 851965 1
851542 851965 1
851873 851965 1
851965 851994 1
851965 852962 1
851965 852963 1
851965 856426 1
851965 856476 1
851965 853264 1
850826 851965 1
851088 851965 1
851965 855104 1
851965 855618 1
851965 854243 1
851965 854363 1
851965 856083 1
856426 856559 1
855457 855625 1
854268 855625 1
851210 854163 1
850507 854163 1
852625 854163 1
854163 854252 1
852390 855529 1
852418 855529 1
851321 855529 1
851303 855529 1
851869 855529 1
851909 855529 1
855529 856892 1
850606 855529 1
852799 855529 1
852768 855529 1
853350 855529 1
853322 855529 1
853216 855529 1
853516 855529 1
850733 855529 1
850763 855529 1
855015 855529 1
855529 855637 1
855521 855529 1
855520 855529 1
855518 855529 1
855517 855529 1
855387 855529 1
854208 855529 1
854300 855529 1
854500 855529 1
855529 855909 1
855529 855819 1
851707 852311 1
851832 852311 1
850597 852311 1
852311 853144 1
852311 853350 1
852311 853582 1
851051 852311 1
851055 852311 1
851041 852276 1
850440 851041 1
851041 851707 1
851041 851832 1
851041 851984 1
851041 852724 1
851041 853144 1
851041 853350 1
851041 853264 1
851041 853256 1
850973 851041 1
851041 851055 1
851041 854925 1
851041 854153 1
853144 853346 1
853256 853346 1
853346 853582 1
850620 853346 1
851051 853346 1
851055 853346 1
853346 854925 1
852276 856545 1
851707 856545 1
851832 856545 1
853144 856545 1
856425 856545 1
853350 856545 1
851051 856545 1
851055 856545 1
854925 856545 1
855645 856545 1
854200 856545 1
851241 855772 1
850507 853142 1
852625 853142 1
853142 854252 1
853201 855082 1
851055 852276 1
851055 852233 1
851055 852218 1
851055 851558 1
851055 851996 1
851055 856847 1
851055 856899 1
851055 852920 1
851055 853131 1
851055 854652 1
851055 853256 1
851055 853644 1
851030 851055 1
851042 851055 1
851055 851086 1
851055 855704 1
851055 855787 1
851055 856076 1
851055 856016 1
851246 855355 1
852530 855355 1
851740 855355 1
852857 855355 1
852675 855355 1
853076 855355 1
853144 855355 1
855355 856425 1
851086 855355 1
854922 855355 1
855355 855361 1
855355 855366 1
855355 855368 1
854170 855355 1
852030 852050 1
850597 852030 1
852030 852675 1
852030 853825 1
852030 855082 1
852030 855114 1
852030 855661 1
852030 854135 1
852030 854309 1
852276 853538 1
851996 853538 1
853538 856681 1
853034 853538 1
853350 853538 1
853538 853546 1
850889 853538 1
851051 853538 1
851074 853538 1
853538 855082 1
853538 855787 1
853538 854200 1
853538 856076 1
850803 853825 1
850803 854876 1
850803 855315 1
851494 851511 1
851511 856404 1
851511 854685 1
851511 853265 1
851511 853733 1
851511 855387 1
853076 856663 1
853076 856404 1
853076 853350 1
853076 853265 1
853076 853825 1
853076 853890 1
853076 855114 1
853076 855394 1
853076 854282 1
853076 856036 1
852330 856287 1
851321 856287 1
851714 856287 1
851819 856287 1
851835 856287 1
851960 856287 1
851993 856287 1
856287 856664 1
852799 856287 1
852742 856287 1
852679 856287 1
852657 856287 1
852607 856287 1
853264 856287 1
850705 856287 1
850862 856287 1
854925 856287 1
855909 856287 1
853265 853273 1
853265 853468 1
853265 853613 1
850843 853265 1
853265 855264 1
853265 855711 1
853265 855394 1
853265 855909 1
851494 853384 1
851967 853384 1
853384 854652 1
851042 853582 1
851042 851086 1
851042 854170 1
852256 853045 1
851831 853045 1
853034 853045 1
853036 853045 1
853045 854135 1
851707 852218 1
851832 852218 1
851996 852218 1
852218 852796 1
852218 853144 1
852218 853350 1
852218 853582 1
851051 852218 1
852218 854925 1
852218 855645 1
852276 853144 1
852329 853144 1
852376 853144 1
852428 853144 1
852464 853144 1
852499 853144 1
851558 853144 1
851734 853144 1
851832 853144 1
853144 856681 1
853144 856899 1
853131 853144 1
853144 853152 1
853144 853350 1
853144 853582 1
850683 853144 1
853144 854925 1
853144 855054 1
853144 855787 1
853144 856028 1
853144 856016 1
855325 856587 1
853350 853829 1
853302 853350 1
850367 851832 1
850367 856681 1
850367 856847 1
850367 852796 1
850367 852969 1
850367 856425 1
850367 854777 1
850367 854725 1
850367 853350 1
850367 853862 1
850367 853631 1
850367 850776 1
850367 850800 1
850367 854879 1
850367 856057 1
851832 851996 1
851996 856681 1
851996 856847 1
851996 852969 1
851996 856425 1
851996 854777 1
851996 854725 1
851996 853350 1
851996 853862 1
850776 851996 1
850800 851996 1
851996 854879 1
851996 856057 1
851335 852462 1
851686 852462 1
851714 852462 1
851740 852462 1
852462 856817 1
852462 856859 1
852462 852879 1
852462 853489 1
852462 853741 1
852462 853870 1
852462 853890 1
852462 854904 1
852462 855687 1
852462 855676 1
852462 855420 1
852713 853353 1
853353 856426 1
853353 856083 1
851647 856426 1
852709 856426 1
852708 856426 1
856399 856426 1
853400 856426 1
850935 856426 1
855264 856426 1
856083 856426 1
856293 856426 1
851246 855394 1
852530 855394 1
851997 855394 1
855394 856767 1
852857 855394 1
852796 855394 1
853256 855394 1
855394 855483 1
852794 854531 1
853100 854531 1
854531 856598 1
854531 855859 1
852857 853350 1
850507 854233 1
852625 854233 1
854233 854252 1
851220 852399 1
850399 851220 1
851220 851479 1
851220 851934 1
851220 852001 1
851220 852096 1
851220 856882 1
851220 852750 1
851220 852681 1
851220 852997 1
851220 853093 1
851220 853114 1
851220 856437 1
851220 856457 1
851220 856583 1
851220 856607 1
850776 851220 1
851100 851220 1
851220 854966 1
851220 854959 1
851220 855082 1
851220 855360 1
851220 855506 1
851220 855418 1
851220 854150 1
851220 856019 1
851220 856002 1
851222 855920 1
852532 855920 1
851934 855920 1
852096 855920 1
854959 855920 1
854150 855920 1
851222 855305 1
852532 855305 1
851529 855305 1
851479 855305 1
851934 855305 1
852096 855305 1
853093 855305 1
855305 856583 1
855305 856607 1
850774 855305 1
854966 855305 1
854959 855305 1
855305 855506 1
855305 855418 1
854150 855305 1
855305 856052 1
851423 851704 1
851704 853416 1
851704 853350 1
851704 853902 1
850728 851704 1
851088 851704 1
851704 854904 1
851704 855224 1
851704 855360 1
851704 855457 1
851704 855785 1
851704 854037 1
851704 854505 1
851704 856036 1
851704 855844 1
850344 855450 1
852499 855450 1
855450 856899 1
855418 855450 1
852119 855450 1
851213 855450 1
853350 855450 1
854647 855450 1
850574 855450 1
853114 855450 1
852229 855450 1
851207 855450 1
854505 855450 1
855450 856040 1
851707 853433 1
852499 853433 1
853433 855942 1
853433 855625 1
853114 853433 1
853433 854725 1
851740 856736 1
851740 855859 1
851740 852655 1
851740 854879 1
850574 851740 1
852392 856736 1
852404 856736 1
852499 856736 1
852532 856736 1
850297 856736 1
851841 856736 1
851916 856736 1
850574 856736 1
852794 856736 1
852713 856736 1
852702 856736 1
853100 856736 1
853114 856736 1
853144 856736 1
853186 856736 1
853439 856736 1
853599 856736 1
851088 856736 1
851097 856736 1
851102 856736 1
854992 856736 1
855077 856736 1
855626 856736 1
855618 856736 1
855409 856736 1
854191 856736 1
854370 856736 1
856090 856736 1
856089 856736 1
852536 853350 1
852311 852536 1
852536 853346 1
852536 853538 1
852536 855394 1
852536 856425 1
851085 852536 1
852499 852536 1
852536 856899 1
852536 855418 1
851051 852536 1
852536 855569 1
852536 856715 1
851707 852536 1
852536 856859 1
852469 852536 1
852536 853582 1
852536 853256 1
852536 854391 1
850973 852536 1
852536 855842 1
852536 854200 1
851532 853350 1
851532 852311 1
851532 853346 1
851532 853538 1
851532 855394 1
851532 856425 1
851532 856817 1
851532 852499 1
851532 856899 1
851532 855418 1
850367 851532 1
851051 851532 1
851532 855569 1
851532 856715 1
851532 851707 1
851532 853582 1
851532 852469 1
851532 853256 1
851532 856036 1
851532 854391 1
851532 854200 1
850320 851532 1
851220 851532 1
851532 851581 1
852700 855228 1
855228 855471 1
853747 855228 1
852529 855228 1
850826 855228 1
855228 856536 1
853500 855228 1
855228 856801 1
853568 855228 1
852700 853747 1
853747 855264 1
853747 856831 1
852713 853747 1
851648 853747 1
851567 853747 1
851975 853747 1
853747 856401 1
852611 853747 1
853747 855054 1
853568 853747 1
853747 855661 1
850521 853747 1
853747 856232 1
852233 855418 1
852218 855418 1
852311 855418 1
852379 855418 1
852392 855418 1
852472 855418 1
852499 855418 1
851336 855418 1
851967 855418 1
855418 856847 1
855418 856899 1
850574 855418 1
852852 855418 1
852814 855418 1
852744 855418 1
853036 855418 1
853144 855418 1
855418 856382 1
855418 856425 1
855418 856545 1
855418 856557 1
855418 856598 1
855418 856607 1
854694 855418 1
854851 855418 1
853350 855418 1
853346 855418 1
853327 855418 1
853305 855418 1
850639 855418 1
850792 855418 1
851029 855418 1
851041 855418 1
851102 855418 1
854879 855418 1
855263 855418 1
855418 855492 1
854370 855418 1
854449 855418 1
855418 856060 1
855418 855942 1
855418 855929 1
852373 856076 1
852499 856076 1
852563 856076 1
850442 856076 1
851485 856076 1
851727 856076 1
851788 856076 1
851832 856076 1
852023 856076 1
852053 856076 1
852066 856076 1
856076 856675 1
856076 856775 1
856076 856832 1
856076 856847 1
856076 856899 1
852869 856076 1
852709 856076 1
852969 856076 1
852996 856076 1
853061 856076 1
853065 856076 1
856076 856357 1
856076 856403 1
856076 856425 1
856076 856460 1
853350 856076 1
853344 856076 1
853287 856076 1
853536 856076 1
853607 856076 1
850897 856076 1
851074 856076 1
851086 856076 1
851087 856076 1
851145 856076 1
854925 856076 1
855252 856076 1
855353 856076 1
855645 856076 1
855522 856076 1
855450 856076 1
855418 856076 1
855393 856076 1
854139 856076 1
854030 856076 1
854027 856076 1
854170 856076 1
854179 856076 1
854273 856076 1
854307 856076 1
856030 856076 1
855942 856076 1
855822 856076 1
855821 856076 1
851222 853271 1
851529 853271 1
851485 853271 1
852750 853271 1
852607 853271 1
850774 853271 1
850973 853271 1
853271 854879 1
853271 854911 1
853271 855569 1
853271 855420 1
853271 854150 1
853271 854273 1
853271 856052 1
853271 855942 1
851975 854315 1
851994 854315 1
853500 854315 1
854315 855264 1
850930 851209 1
850930 852369 1
850930 852469 1
850930 852499 1
850930 856892 1
850930 855450 1
850930 855418 1
850930 855942 1
851440 855450 1
855450 855603 1
855427 855450 1
853252 855450 1
853433 855450 1
855450 855942 1
851029 855450 1
853818 855450 1
853922 855450 1
851740 855450 1
852276 855450 1
851737 855450 1
850897 855450 1
852311 855450 1
851041 855450 1
855450 856545 1
852218 855450 1
855450 855488 1
855242 855450 1
850745 855450 1
854079 855450 1
855450 856019 1
855450 856511 1
855450 856153 1
850887 855450 1
851145 855450 1
850677 855450 1
854500 855450 1
853890 855450 1
850966 855450 1
853433 853862 1
853433 854777 1
852969 853433 1
852276 853433 1
851041 853433 1
853433 856019 1
851740 855835 1
851740 852969 1
851740 853862 1
851740 854777 1
851740 852660 1
851740 856403 1
851740 854673 1
851740 854982 1
851740 853015 1
850914 851740 1
851740 855587 1
850907 851740 1
850658 851740 1
851740 852640 1
851740 852171 1
851740 852753 1
851497 851740 1
851740 852661 1
851440 856736 1
851373 856736 1
851884 856736 1
851935 856736 1
851991 856736 1
856648 856736 1
852661 856736 1
856511 856736 1
853750 856736 1
850887 856736 1
850966 856736 1
851025 856736 1
851100 856736 1
854976 856736 1
855586 856736 1
855520 856736 1
855506 856736 1
856019 856736 1
852536 855488 1
852218 852536 1
851041 852536 1
852536 856545 1
852536 856681 1
852536 856817 1
852536 855136 1
852536 856892 1
850897 852536 1
850601 852536 1
852536 853581 1
852536 855238 1
852536 856358 1
852536 853489 1
851905 852536 1
851532 855488 1
851532 852218 1
851041 851532 1
851532 856545 1
851532 856681 1
851532 856892 1
851532 854713 1
851532 852563 1
851532 851996 1
850897 851532 1
851532 852969 1
851532 851997 1
850601 851532 1
851532 853581 1
851532 853489 1
851532 851905 1
851532 853916 1
851532 852642 1
853327 855228 1
855228 855503 1
851965 855228 1
855228 856559 1
853252 855228 1
855228 855716 1
852852 855228 1
853946 855228 1
853747 854869 1
853747 854198 1
853747 854550 1
853747 856920 1
853747 854354 1
851965 853747 1
853747 854086 1
852516 853747 1
853747 853946 1
851066 853747 1
853747 855102 1
852191 855418 1
852034 855418 1
855418 856892 1
852713 855418 1
853114 855418 1
855418 856511 1
853400 855418 1
853836 855418 1
855360 855418 1
855418 855656 1
855418 855515 1
851373 855488 1
851207 853783 1
852276 853783 1
852218 853783 1
852311 853783 1
851373 853783 1
853783 856847 1
853783 856545 1
853783 855488 1
852530 856425 1
851724 856425 1
852708 856425 1
853167 856425 1
856425 856508 1
855186 856425 1
855945 856425 1
852233 855488 1
852563 855488 1
850367 855488 1
851740 855488 1
853836 855488 1
850639 855488 1
855488 855787 1
855488 856039 1
851482 856056 1
851335 856056 1
851905 856056 1
851918 856056 1
856056 856354 1
854904 856056 1
855420 856056 1
854142 856056 1
854234 856056 1
854235 856056 1
854273 856056 1
852324 854236 1
851740 854236 1
851905 854236 1
852023 854236 1
853061 854236 1
853256 854236 1
850973 854236 1
854236 855315 1
854236 854391 1
854236 856052 1
854236 856050 1
850728 851210 1
850728 851207 1
850728 852238 1
850728 852172 1
850354 850728 1
850411 850728 1
850728 851482 1
850728 851458 1
850728 851685 1
850728 851784 1
850728 851978 1
850728 856681 1
850728 856909 1
850519 850728 1
850728 852796 1
850728 852763 1
850728 852963 1
850728 853144 1
850728 853177 1
850728 856393 1
850728 853453 1
850728 853287 1
850728 853490 1
850728 853497 1
850728 853536 1
850728 853644 1
850621 850728 1
850619 850728 1
850728 850772 1
850728 855076 1
850728 855256 1
850728 855317 1
850728 855596 1
850728 854143 1
850728 854256 1
850728 854294 1
850728 854505 1
850728 855906 1
850728 855905 1
850728 856128 1
850728 856144 1
850728 856194 1
850411 850966 1
850966 851558 1
850966 851482 1
850966 851336 1
850966 851962 1
850966 856821 1
850519 850966 1
850966 852637 1
850966 852963 1
850966 854772 1
850966 853536 1
850966 851074 1
850966 851075 1
850966 855012 1
850966 854966 1
850966 855256 1
850966 855586 1
850966 855766 1
850966 854042 1
850966 856144 1
850966 856194 1
851136 851261 1
851136 852368 1
851136 852493 1
851136 852522 1
851136 851562 1
851136 851714 1
851136 851832 1
851136 851884 1
851136 851935 1
851136 856882 1
851136 856925 1
851136 852702 1
851136 852607 1
851136 853186 1
851136 856354 1
851136 853318 1
850756 851136 1
850879 851136 1
850940 851136 1
851025 851136 1
851136 854976 1
851136 855054 1
851136 855186 1
851136 855318 1
851136 855506 1
851136 855422 1
851136 854162 1
851136 854195 1
851136 854256 1
851136 854291 1
851136 856183 1
851220 853271 1
852399 853271 1
852472 853271 1
850344 853271 1
850399 853271 1
851934 853271 1
851962 853271 1
852080 853271 1
852837 853271 1
853009 853271 1
853271 854694 1
853271 853900 1
850702 853271 1
851102 853271 1
853271 854966 1
853271 855422 1
853271 855787 1
853271 854290 1
853534 856649 1
852771 853534 1
852607 853534 1
853534 856437 1
853534 855311 1
853534 855581 1
850429 856530 1
856530 856715 1
856530 856784 1
856530 856850 1
852969 856530 1
853144 856530 1
856403 856530 1
850897 856530 1
850907 856530 1
851088 856530 1
854879 856530 1
855787 856530 1
854531 856530 1
850429 855339 1
855339 856715 1
855339 856724 1
855339 856850 1
853144 855339 1
853862 855339 1
850897 855339 1
854915 855339 1
855339 855835 1
851413 855929 1
852125 855929 1
855929 856715 1
855929 856724 1
855929 856850 1
854777 855929 1
853862 855929 1
850702 855929 1
850907 855929 1
850914 855929 1
851109 855929 1
855169 855929 1
855305 855929 1
855355 855929 1
855409 855929 1
851209 853928 1
850429 853928 1
853928 856715 1
853928 856850 1
850897 853928 1
853928 854879 1
853928 854531 1
852034 852753 1
850897 852034 1
852034 854879 1
852034 854531 1
852034 855859 1
852099 856715 1
852099 856850 1
850907 852099 1
852099 854879 1
855345 856715 1
855345 856724 1
852753 855345 1
852969 855345 1
850897 855345 1
850907 855345 1
854531 855345 1
855345 855835 1
855345 856263 1
854443 856573 1
853862 854443 1
850897 854443 1
854443 854471 1
851727 852532 1
851727 856715 1
851727 852794 1
851727 853144 1
851727 854777 1
851727 853287 1
851727 853513 1
851727 853862 1
850686 851727 1
851029 851727 1
851727 855077 1
851727 855645 1
851727 854500 1
853513 855471 1
853513 856254 1
850328 852984 1
850328 854826 1
850328 853422 1
850328 853293 1
850328 850728 1
850328 855169 1
850328 854439 1
850774 852324 1
850774 852351 1
850774 852417 1
850774 852472 1
850297 850774 1
850429 850774 1
850774 851529 1
850774 851686 1
850774 851714 1
850774 852794 1
850774 852962 1
850774 853609 1
850774 850803 1
850774 851028 1
850774 855687 1
850774 855626 1
850774 854208 1
850774 854290 1
850774 854356 1
850774 854391 1
850774 854485 1
850774 855887 1
850774 855835 1
854223 856715 1
854223 854879 1
854223 855948 1
853836 855859 1
850897 855859 1
854879 855859 1
854408 855859 1
855859 856159 1
852218 854504 1
852311 854504 1
852034 854504 1
852661 854504 1
854504 856511 1
854504 856545 1
853610 854504 1
853818 854504 1
851041 854504 1
851102 854504 1
854504 855077 1
854504 855488 1
850907 852969 1
850677 850907 1
850907 855102 1
855948 856724 1
854531 855948 1
855835 855948 1
850344 852655 1
852655 852702 1
852655 856598 1
852655 854370 1
852655 856254 1
852404 856648 1
850344 856648 1
851841 856648 1
851916 856648 1
852045 856648 1
856648 856724 1
853100 856648 1
853599 856648 1
850897 856648 1
850907 856648 1
851097 856648 1
854439 856648 1
856254 856648 1
850774 856263 1
851932 852222 1
851831 851932 1
851858 851932 1
851932 852850 1
851932 853096 1
851932 855618 1
851932 854150 1
851932 854191 1
854915 856530 1
854879 854915 1
854915 855169 1
854915 855929 1
854439 854879 1
852794 856724 1
853422 856724 1
853439 855835 1
855077 855835 1
854531 855835 1
852969 855169 1
854531 855169 1
851263 856254 1
851265 856254 1
852395 856254 1
852404 856254 1
852532 856254 1
851549 856254 1
851400 856254 1
851373 856254 1
851567 856254 1
851648 856254 1
851811 856254 1
851869 856254 1
856254 856674 1
856254 856817 1
856254 856911 1
856254 856920 1
852794 856254 1
852793 856254 1
852750 856254 1
852713 856254 1
852607 856254 1
853100 856254 1
853144 856254 1
856254 856404 1
853439 856254 1
853422 856254 1
853500 856254 1
853610 856254 1
853760 856254 1
850774 856254 1
850843 856254 1
850935 856254 1
850973 856254 1
851097 856254 1
855054 856254 1
855077 856254 1
855228 856254 1
855425 856254 1
855409 856254 1
854150 856254 1
854370 856254 1
856052 856254 1
856050 856254 1
855959 856254 1
855907 856254 1
855822 856254 1
856125 856254 1
856159 856254 1
856237 856254 1
851567 856598 1
851648 856598 1
851811 856598 1
851935 856598 1
852814 856598 1
852794 856598 1
852750 856598 1
852713 856598 1
852709 856598 1
852708 856598 1
852702 856598 1
852607 856598 1
852969 856598 1
853096 856598 1
853144 856598 1
856426 856598 1
853422 856598 1
853353 856598 1
850719 856598 1
850774 856598 1
850935 856598 1
854976 856598 1
854879 856598 1
855054 856598 1
855077 856598 1
854150 856598 1
854223 856598 1
854370 856598 1
854550 856598 1
856052 856598 1
855907 856598 1
855822 856598 1
856236 856598 1
851567 855102 1
851648 855102 1
855102 856674 1
855102 856831 1
852750 855102 1
852713 855102 1
853422 855102 1
850719 855102 1
850774 855102 1
854976 855102 1
850344 851263 1
850344 852532 1
850344 851549 1
850344 851567 1
850344 856831 1
850344 856911 1
850344 852814 1
850344 852713 1
850344 853096 1
850344 853439 1
850344 853500 1
850344 853610 1
850344 853747 1
850344 854976 1
850344 855054 1
850344 855228 1
850344 855515 1
850344 854150 1
850344 855907 1
850344 856236 1
851561 851841 1
851561 856736 1
851561 852642 1
851561 853599 1
851097 851561 1
851561 854879 1
851561 855569 1
851561 854191 1
851561 856159 1
851577 856099 1
851841 856099 1
853439 856099 1
853422 856099 1
853353 856099 1
853599 856099 1
853747 856099 1
851025 856099 1
851097 856099 1
856099 856159 1
856099 856236 1
852404 853422 1
852493 853422 1
851841 853422 1
853422 853599 1
851097 853422 1
853422 854879 1
853422 855625 1
853422 854150 1
853422 854370 1
853422 856159 1
850897 851261 1
850897 851259 1
850897 852260 1
850897 852411 1
850897 852417 1
850897 852484 1
850897 852557 1
850399 850897 1
850447 850897 1
850897 851529 1
850897 851400 1
850897 851722 1
850897 851733 1
850897 851764 1
850897 851884 1
850897 851887 1
850897 851916 1
850897 856681 1
850897 856670 1
850897 856657 1
850897 856654 1
850897 856739 1
850897 856899 1
850897 852793 1
850897 852702 1
850897 852681 1
850897 852614 1
850897 852609 1
850897 852639 1
850897 852902 1
850897 853009 1
850897 853186 1
850897 856403 1
850897 856425 1
850897 856511 1
850897 856536 1
850897 856583 1
850897 856598 1
850897 854809 1
850897 854777 1
850897 854725 1
850897 854713 1
850897 853439 1
850897 853350 1
850897 853256 1
850897 853249 1
850897 853489 1
850897 853538 1
850897 853599 1
850897 853843 1
850897 853818 1
850677 850897 1
850774 850897 1
850778 850897 1
850897 850934 1
850897 850935 1
850897 850999 1
850897 851051 1
850897 851097 1
850897 851102 1
850897 854992 1
850897 854976 1
850897 854966 1
850897 855035 1
850897 855102 1
850897 855136 1
850897 855186 1
850897 855308 1
850897 855729 1
850897 855428 1
850897 855422 1
850897 855418 1
850897 854223 1
850897 854294 1
850897 854391 1
850897 854471 1
850897 854532 1
850897 854540 1
850897 856090 1
850897 855938 1
850897 855886 1
850897 855822 1
850897 856134 1
850897 856183 1
850897 856254 1
851261 852969 1
851207 852969 1
851271 852969 1
852229 852969 1
852399 852969 1
852405 852969 1
852557 852969 1
850443 852969 1
851384 852969 1
851764 852969 1
851884 852969 1
851887 852969 1
852096 852969 1
852969 856681 1
852969 856673 1
852969 856670 1
852969 856658 1
852969 856654 1
852969 856899 1
852793 852969 1
852702 852969 1
852681 852969 1
852609 852969 1
852639 852969 1
852945 852969 1
852969 853002 1
852969 853009 1
852969 856387 1
852969 856356 1
852969 856403 1
852969 856511 1
852969 856514 1
852969 856536 1
852969 856583 1
852969 854809 1
852969 854777 1
852969 854725 1
852969 854713 1
852969 853249 1
852969 853538 1
852969 853818 1
850686 852969 1
850654 852969 1
850653 852969 1
850935 852969 1
852969 854976 1
852969 855077 1
852969 855136 1
852969 855186 1
852969 855208 1
852969 855360 1
852969 855418 1
852969 854087 1
852969 854191 1
852969 854490 1
852969 856090 1
852969 855942 1
852969 855938 1
852969 856134 1
852969 856159 1
852969 856163 1
852969 856183 1
852399 855569 1
852404 855569 1
852405 855569 1
852593 855569 1
850411 855569 1
850447 855569 1
851400 855569 1
851384 855569 1
851764 855569 1
851869 855569 1
851884 855569 1
851887 855569 1
855569 856924 1
852945 855569 1
853144 855569 1
853186 855569 1
855569 856403 1
855569 856425 1
855569 856511 1
854713 855569 1
853256 855569 1
853489 855569 1
853843 855569 1
850654 855569 1
850677 855569 1
851102 855569 1
851168 855569 1
854976 855569 1
855186 855569 1
855360 855569 1
855422 855569 1
854540 855569 1
855569 856090 1
855569 855988 1
855569 855938 1
855569 856134 1
855569 856159 1
855569 856183 1
852276 856715 1
852257 856715 1
852229 856715 1
852399 856715 1
852404 856715 1
852469 856715 1
852532 856715 1
850411 856715 1
850443 856715 1
851491 856715 1
851400 856715 1
851733 856715 1
851841 856715 1
851869 856715 1
851884 856715 1
851916 856715 1
856715 856739 1
856715 856892 1
856715 856899 1
856715 856924 1
852793 856715 1
852639 856715 1
856387 856715 1
856511 856715 1
854777 856715 1
854725 856715 1
853439 856715 1
853249 856715 1
853489 856715 1
853538 856715 1
853593 856715 1
853599 856715 1
850686 856715 1
850653 856715 1
850677 856715 1
850999 856715 1
851097 856715 1
851102 856715 1
854976 856715 1
854878 856715 1
855077 856715 1
855186 856715 1
855360 856715 1
855422 856715 1
855418 856715 1
854033 856715 1
854188 856715 1
854191 856715 1
854294 856715 1
854391 856715 1
854540 856715 1
856090 856715 1
855942 856715 1
855877 856715 1
855822 856715 1
856134 856715 1
856159 856715 1
851261 854879 1
851222 854879 1
852276 854879 1
852257 854879 1
852229 854879 1
852399 854879 1
852404 854879 1
852405 854879 1
852532 854879 1
852557 854879 1
852593 854879 1
850447 854879 1
851542 854879 1
851400 854879 1
851722 854879 1
851764 854879 1
851841 854879 1
851887 854879 1
851916 854879 1
854879 856681 1
854879 856657 1
854879 856846 1
854879 856899 1
854879 856924 1
850574 854879 1
852794 854879 1
852793 854879 1
852753 854879 1
852726 854879 1
852681 854879 1
852639 854879 1
852902 854879 1
852945 854879 1
853144 854879 1
853186 854879 1
854879 856356 1
854879 856403 1
854879 856425 1
854879 856511 1
854879 856514 1
854879 856536 1
854879 856583 1
854809 854879 1
854777 854879 1
854713 854879 1
853439 854879 1
853350 854879 1
853287 854879 1
853249 854879 1
853489 854879 1
853538 854879 1
853581 854879 1
853843 854879 1
853818 854879 1
850686 854879 1
850654 854879 1
850653 854879 1
850999 854879 1
851074 854879 1
851097 854879 1
851168 854879 1
854879 854976 1
854879 854966 1
854879 854957 1
854879 854911 1
854879 855035 1
854879 855077 1
854879 855157 1
854879 855186 1
854879 855308 1
854879 855360 1
854879 855555 1
854879 855428 1
854087 854879 1
854033 854879 1
854188 854879 1
854300 854879 1
854391 854879 1
854437 854879 1
854440 854879 1
854879 856089 1
854879 855988 1
854879 855927 1
854879 855822 1
854879 856134 1
854879 856159 1
854879 856163 1
854879 856183 1
850297 855067 1
851567 855067 1
851803 855067 1
855067 856715 1
855067 856739 1
855067 856852 1
855067 856909 1
855067 856920 1
852881 855067 1
852794 855067 1
852969 855067 1
854771 855067 1
850719 855067 1
850935 855067 1
850995 855067 1
854995 855067 1
854879 855067 1
855022 855067 1
855067 855569 1
855067 855420 1
855067 855787 1
854315 855067 1
854550 855067 1
855067 856028 1
855067 855912 1
855067 855907 1
850297 851263 1
850297 852390 1
850297 851975 1
850297 856831 1
850297 852750 1
850297 853747 1
850297 854976 1
850297 855228 1
850297 855448 1
850297 854150 1
850297 854315 1
851648 855448 1
855448 856674 1
852713 855448 1
850719 855448 1
854976 855448 1
854150 855448 1
854315 855448 1
854550 855448 1
852395 854315 1
851549 854315 1
851485 854315 1
851567 854315 1
851648 854315 1
851934 854315 1
854315 856736 1
854315 856831 1
854315 856852 1
854315 856920 1
852713 854315 1
853198 854315 1
853353 854315 1
853747 854315 1
850658 854315 1
850935 854315 1
854315 855228 1
854315 855425 1
854315 855787 1
854315 856263 1
852494 853500 1
851648 853500 1
853500 856831 1
853500 856895 1
853500 856920 1
852713 853500 1
851085 853500 1
853500 854550 1
852395 854156 1
851836 854156 1
853327 854156 1
854156 854976 1
854156 854209 1
854156 854210 1
854156 856159 1
850793 852275 1
850793 852324 1
850793 852395 1
850793 852494 1
850793 851567 1
850793 854879 1
850793 855055 1
850793 855067 1
850793 855077 1
850793 855202 1
850793 855315 1
850793 855506 1
850793 855448 1
850793 855422 1
850793 855417 1
850793 854156 1
850793 854150 1
850793 854090 1
850793 854190 1
850793 854195 1
850793 854203 1
850793 854208 1
850793 854290 1
850793 854550 1
850793 856106 1
850793 856083 1
850793 856052 1
850793 855918 1
850793 855907 1
850793 856170 1
850793 856183 1
850793 856263 1
851545 852275 1
851545 852577 1
850344 851545 1
850397 851545 1
850400 851545 1
851545 851803 1
851545 851965 1
851545 856920 1
851545 852865 1
851545 852794 1
851545 852642 1
851545 856559 1
851545 856598 1
851545 854776 1
851545 853422 1
851545 853384 1
851545 853303 1
851545 853489 1
851545 853513 1
851545 853534 1
851545 853605 1
851545 853809 1
851545 853760 1
851545 853933 1
850744 851545 1
850935 851545 1
850995 851545 1
851064 851545 1
851154 851545 1
851545 854992 1
851545 854976 1
851545 855077 1
851545 855102 1
851545 855126 1
851545 855203 1
851545 855228 1
851545 854073 1
851545 854192 1
851545 854204 1
851545 854542 1
851545 854550 1
851545 855907 1
851545 856236 1
851623 852275 1
851623 852516 1
851623 852577 1
850344 851623 1
850397 851623 1
851623 851803 1
851623 851965 1
851623 856920 1
851623 856924 1
851623 852748 1
851623 852702 1
851623 852969 1
851623 856559 1
851623 856583 1
851623 856598 1
851623 854678 1
851623 853605 1
851623 853933 1
850935 851623 1
850995 851623 1
851030 851623 1
851623 854879 1
851623 854925 1
851623 855569 1
851623 854073 1
851623 854192 1
851623 854550 1
851623 856083 1
851623 856254 1
851529 855907 1
851811 855907 1
855418 855907 1
855907 856263 1
851803 856356 1
850973 851803 1
851803 855569 1
853568 856920 1
853667 856920 1
851265 855471 1
851485 855471 1
851847 855471 1
851873 855471 1
851965 855471 1
855471 856736 1
853400 855471 1
853350 855471 1
853760 855471 1
850719 855471 1
852395 853520 1
850297 853520 1
850447 853520 1
852048 853520 1
852057 853520 1
852101 853520 1
853520 856914 1
853520 856920 1
852864 853520 1
853520 853836 1
853520 853763 1
853520 853747 1
853520 855228 1
853520 855238 1
853520 855503 1
853520 854480 1
853520 855907 1
851975 852395 1
851088 852395 1
851088 851994 1
851965 854086 1
854086 854208 1
853500 854190 1
854190 855228 1
850562 851965 1
851965 856536 1
851965 856572 1
851965 854759 1
851965 853353 1
851965 853500 1
851965 853605 1
850847 851965 1
851965 854911 1
851965 855652 1
851965 855503 1
851965 854156 1
851965 854290 1
851965 854417 1
851965 856050 1
851965 856026 1
856559 856817 1
852709 856559 1
852708 856559 1
853390 856559 1
853568 856559 1
850935 856559 1
851088 856559 1
855051 856559 1
854106 856559 1
856083 856559 1
855625 855662 1
853454 855625 1
851462 854163 1
851220 855529 1
851244 855529 1
852173 855529 1
852464 855529 1
850451 855529 1
851835 855529 1
851910 855529 1
855529 856681 1
855529 856925 1
852675 855529 1
852614 855529 1
855529 856403 1
854696 855529 1
853293 855529 1
853287 855529 1
853243 855529 1
853222 855529 1
853644 855529 1
853916 855529 1
850683 855529 1
851085 855529 1
851114 855529 1
855153 855529 1
855245 855529 1
855264 855529 1
855490 855529 1
854130 855529 1
854235 855529 1
855529 856052 1
855529 855942 1
855529 855888 1
855529 856135 1
852276 852311 1
852233 852311 1
852206 852311 1
852303 852311 1
852311 852348 1
852311 852369 1
851529 852311 1
851303 852311 1
851996 852311 1
852311 856667 1
852311 856847 1
850574 852311 1
852311 852796 1
852311 852675 1
852311 852660 1
852311 852611 1
852311 853036 1
852311 853293 1
852311 853536 1
852311 853825 1
852311 853640 1
852311 853890 1
850620 852311 1
850776 852311 1
850800 852311 1
851085 852311 1
852311 854925 1
852311 855082 1
852311 855114 1
852311 855143 1
852311 855355 1
852311 855645 1
852311 855787 1
852311 854200 1
852311 854489 1
852311 856052 1
852311 856036 1
851041 852233 1
851041 852206 1
851041 852173 1
851041 852418 1
851041 852532 1
851041 852603 1
850367 851041 1
851041 851529 1
851041 851485 1
851041 851400 1
851041 851321 1
851041 852002 1
851041 852050 1
851041 856847 1
851041 856892 1
850574 851041 1
850606 851041 1
851041 852799 1
851041 852796 1
851041 852675 1
851041 853036 1
851041 856387 1
851041 853450 1
851041 853293 1
851041 853864 1
851041 853859 1
851041 853836 1
851041 853825 1
851041 853783 1
851041 853890 1
851041 853957 1
850620 851041 1
850683 851041 1
850776 851041 1
850800 851041 1
851041 851085 1
851041 851145 1
851041 855143 1
851041 855264 1
851041 855355 1
851041 855729 1
851041 855653 1
851041 855645 1
851041 855778 1
851041 854073 1
851041 854256 1
851041 854542 1
851041 856052 1
851041 855971 1
851041 855942 1
851041 855888 1
852348 853346 1
851788 853346 1
851935 853346 1
851996 853346 1
850507 853346 1
852796 853346 1
853346 856425 1
853346 854821 1
853346 853384 1
853346 853350 1
853346 853957 1
851085 853346 1
853346 854073 1
852233 856545 1
851440 856545 1
851996 856545 1
850507 856545 1
853036 856545 1
854685 856545 1
853293 856545 1
853536 856545 1
853957 856545 1
850800 856545 1
851145 856545 1
855387 856545 1
851241 852796 1
851241 853640 1
851241 853636 1
851241 855661 1
850992 855387 1
853142 854153 1
852285 855082 1
851055 852376 1
851055 852418 1
850400 851055 1
851055 851303 1
851055 851714 1
851055 851984 1
851055 852088 1
851055 852121 1
851055 856895 1
851055 852837 1
851055 852799 1
851055 852768 1
851055 852679 1
851055 852611 1
851055 853034 1
851055 853036 1
851055 856607 1
851055 853401 1
851055 853318 1
851055 853305 1
851055 853222 1
851055 853516 1
851055 853582 1
851055 853836 1
851055 853818 1
851055 853890 1
851055 853894 1
850639 851055 1
850683 851055 1
850708 851055 1
850901 851055 1
851055 854991 1
851055 855095 1
851055 855661 1
851055 855655 1
851055 855450 1
851055 855422 1
851055 854159 1
851055 854156 1
851055 854195 1
851055 854200 1
851055 854449 1
851055 854489 1
851055 856066 1
851055 855959 1
851055 855942 1
851055 856142 1
850413 855355 1
851558 855355 1
851354 855355 1
851714 855355 1
851887 855355 1
852050 855355 1
852121 855355 1
855355 856847 1
855355 856899 1
852768 855355 1
855355 856393 1
854685 855355 1
853350 855355 1
853536 855355 1
853644 855355 1
853946 855355 1
851071 855355 1
851164 855355 1
855355 855422 1
855355 855394 1
854540 855355 1
855355 856076 1
855355 856066 1
855355 856016 1
855355 855942 1
851832 852030 1
852030 853064 1
852030 853350 1
852030 855153 1
852030 854557 1
852030 855942 1
851261 853538 1
852233 853538 1
852376 853538 1
852479 853538 1
851707 853538 1
852742 853538 1
853538 856404 1
853293 853538 1
853264 853538 1
853500 853538 1
853538 853610 1
853538 853884 1
853538 853890 1
853538 853957 1
850750 853538 1
850776 853538 1
851002 853538 1
853538 854904 1
853538 854876 1
853538 854925 1
853538 855238 1
853538 855394 1
853538 854256 1
853538 855931 1
850803 852493 1
850803 851967 1
850803 852023 1
850803 852108 1
850803 852675 1
850803 852984 1
850803 853256 1
850803 853640 1
850803 851114 1
850803 855114 1
850803 855238 1
850803 855506 1
850803 855457 1
850803 854290 1
850803 855922 1
850803 856158 1
851261 851511 1
851511 852321 1
851511 851542 1
851511 851529 1
851511 851831 1
851511 851836 1
851511 851929 1
851511 856807 1
851511 852839 1
851511 853034 1
851511 853036 1
851511 853064 1
851511 853080 1
851511 853120 1
851511 853128 1
851511 856429 1
851511 856610 1
851511 853293 1
851511 853287 1
851511 853836 1
850888 851511 1
851041 851511 1
851064 851511 1
851074 851511 1
851511 854904 1
851511 855051 1
851511 855082 1
851511 855270 1
851511 854235 1
851511 854236 1
852256 853076 1
852173 853076 1
852348 853076 1
850411 853076 1
852050 853076 1
852796 853076 1
852654 853076 1
853061 853076 1
853076 853144 1
853076 853264 1
853076 853582 1
853076 853718 1
851088 853076 1
853076 855082 1
853076 855143 1
853076 855387 1
853076 854489 1
851244 856287 1
850507 856287 1
852675 856287 1
852997 856287 1
854759 856287 1
853825 856287 1
853739 856287 1
850683 856287 1
850822 856287 1
854234 856287 1
854247 856287 1
852504 855082 1
852238 853384 1
852173 853384 1
852170 853384 1
852368 853384 1
850333 853384 1
852730 853384 1
853384 856404 1
853350 853384 1
853293 853384 1
850776 853384 1
853384 854113 1
853384 856026 1
853384 855888 1
853384 856158 1
850306 855051 1
851042 851707 1
851042 853144 1
850683 851042 1
850800 851042 1
851042 854925 1
854489 856611 1
852865 853595 1
853045 853678 1
852218 852276 1
852218 852233 1
852212 852218 1
852209 852218 1
852206 852218 1
851788 852218 1
851983 852218 1
852218 856681 1
852218 856847 1
850507 852218 1
850574 852218 1
852218 856425 1
852218 853293 1
852218 853536 1
852218 853733 1
852218 853678 1
850683 852218 1
850776 852218 1
850800 852218 1
850973 852218 1
851085 852218 1
851145 852218 1
852218 855114 1
852218 855787 1
852218 854200 1
852218 855908 1
852173 853144 1
851953 853144 1
851996 853144 1
853144 856847 1
853144 856895 1
853144 856925 1
850592 853144 1
852837 853144 1
852611 853144 1
853036 853144 1
853128 853144 1
853144 856607 1
853144 853325 1
853144 853256 1
853144 853818 1
853144 853644 1
853144 853890 1
850639 853144 1
851030 853144 1
851086 853144 1
851100 853144 1
853144 854922 1
853144 855143 1
853144 855245 1
853144 855394 1
853144 854159 1
853144 854195 1
853144 854449 1
853144 856076 1
856587 856735 1
852675 856587 1
853640 856587 1
851074 856587 1
851115 856587 1
855661 856587 1
854150 856587 1
851558 853829 1
853829 856895 1
850683 853829 1
853829 855094 1
850746 852675 1
850746 855387 1
850620 853302 1
853302 854113 1
850367 851220 1
850367 852276 1
850367 852218 1
850367 852303 1
850367 852311 1
850367 852392 1
850367 852423 1
850367 852557 1
850367 851440 1
850367 851905 1
850367 856715 1
850367 856545 1
850367 854819 1
850367 853433 1
850367 853346 1
850367 853538 1
850367 853667 1
850367 850897 1
850367 850973 1
850367 855136 1
850367 855305 1
850367 855640 1
850367 855626 1
850367 855569 1
850367 855418 1
850367 855394 1
850367 854158 1
850367 854256 1
850367 854391 1
851220 851996 1
851996 852276 1
851996 852303 1
851996 852392 1
851996 852423 1
851996 852557 1
851440 851996 1
851905 851996 1
851996 856715 1
851996 852796 1
851996 854819 1
851996 853433 1
851996 853631 1
851996 853667 1
850897 851996 1
850973 851996 1
851041 851996 1
851996 855136 1
851996 855305 1
851996 855640 1
851996 855626 1
851996 855569 1
851996 855418 1
851996 855394 1
851996 854158 1
851996 854256 1
851996 854391 1
850411 852462 1
851482 852462 1
851458 852462 1
851784 852462 1
852462 852997 1
852462 856354 1
852462 856403 1
852462 853287 1
852462 853490 1
850943 852462 1
851168 852462 1
852462 855016 1
852462 855076 1
852462 855153 1
852462 855683 1
852462 855483 1
852462 854142 1
852462 854234 1
852462 854235 1
852462 854300 1
852395 853353 1
851975 853353 1
851994 853353 1
853353 856559 1
853353 854818 1
853353 853500 1
850935 853353 1
851030 853353 1
853353 855471 1
853353 855448 1
853353 856293 1
852700 856426 1
854976 856426 1
851207 855394 1
851241 855394 1
851271 855394 1
852218 855394 1
852196 855394 1
852311 855394 1
850411 855394 1
851558 855394 1
851707 855394 1
851740 855394 1
852023 855394 1
855394 856899 1
850574 855394 1
852708 855394 1
852670 855394 1
855394 856425 1
853302 855394 1
853536 855394 1
853581 855394 1
853582 855394 1
853644 855394 1
853890 855394 1
851041 855394 1
855082 855394 1
855278 855394 1
854200 855394 1
855394 856040 1
851841 854531 1
851916 854531 1
853439 854531 1
854150 854531 1
854531 856089 1
854531 856254 1
852522 852530 1
850507 852530 1
852530 852796 1
852530 853061 1
852530 856508 1
852530 853350 1
850776 852530 1
852530 854234 1
852530 854235 1
852530 854236 1
852537 852857 1
850411 852857 1
851558 852857 1
852857 852864 1
852796 852857 1
852763 852857 1
852675 852857 1
850776 852857 1
852857 855254 1
852857 855888 1
850411 854233 1
851646 854233 1
854233 856425 1
853350 854233 1
850776 854233 1
854200 854233 1
854233 854247 1
851220 852275 1
851220 852254 1
851220 852469 1
851220 851562 1
851220 851485 1
851220 851724 1
851220 851762 1
851220 851967 1
851220 856847 1
850562 851220 1
851220 852744 1
851220 852715 1
851220 852709 1
851220 852607 1
851220 853186 1
851220 853327 1
851220 853536 1
851220 853605 1
851220 853900 1
850744 851220 1
850973 851220 1
851220 854256 1
851220 854290 1
851220 854388 1
851220 854480 1
851220 856052 1
851220 855959 1
851220 856134 1
852399 855920 1
851479 855920 1
852681 855920 1
852969 855920 1
853093 855920 1
854966 855920 1
854290 855920 1
851261 855305 1
851209 855305 1
852399 855305 1
851562 855305 1
851485 855305 1
852001 855305 1
855305 856817 1
855305 856827 1
855305 856847 1
855305 856882 1
852750 855305 1
852715 855305 1
852681 855305 1
852607 855305 1
853327 855305 1
853271 855305 1
853900 855305 1
850744 855305 1
850973 855305 1
851051 855305 1
854876 855305 1
855264 855305 1
855305 855602 1
854290 855305 1
854388 855305 1
854485 855305 1
855305 856019 1
850440 850930 1
850930 851704 1
850930 851887 1
850930 851904 1
850930 851905 1
850930 856847 1
850930 852709 1
850930 852708 1
850930 852661 1
850930 853056 1
850930 853114 1
850930 856511 1
850930 854777 1
850930 853862 1
850639 850930 1
850930 851029 1
850930 855360 1
850930 855423 1
850930 854360 1
850930 856019 1
850930 856002 1
851704 852462 1
850411 851704 1
851704 856686 1
851704 856681 1
851704 856817 1
851704 852879 1
851704 852997 1
851704 853144 1
851704 856354 1
851704 856556 1
851704 853453 1
851704 853750 1
851704 853870 1
851100 851704 1
851704 855687 1
851704 855676 1
851704 854142 1
851704 854252 1
851704 856056 1
851704 856002 1
851704 855942 1
851701 855450 1
855450 856607 1
851701 856736 1
856607 856736 1
855450 856736 1
851100 855450 1
856545 856736 1
853862 855450 1
854777 855450 1
853453 855450 1
852462 855450 1
855450 855673 1
850604 855450 1
853862 855394 1
854777 855394 1
853453 855394 1
852462 855394 1
850887 855394 1
855394 855673 1
855242 855394 1
850745 855394 1
850604 855394 1
855394 856847 1
853346 855394 1
855394 855874 1
854163 855394 1
854233 855394 1
852303 855394 1
855394 856753 1
855394 856056 1
855394 855869 1
854767 855394 1
854918 855394 1
853818 855394 1
854252 855394 1
854276 855394 1
855394 855676 1
852879 855394 1
854904 855394 1
855029 855394 1
853346 855450 1
855450 855874 1
854163 855450 1
854233 855450 1
852303 855450 1
855450 856753 1
855450 856056 1
855450 855869 1
854767 855450 1
854918 855450 1
854252 855450 1
854276 855450 1
855450 855676 1
852879 855450 1
854904 855450 1
855029 855450 1
